,0,1,2,3,4,5,6,7,8,9,10,11,12,13,14,15,16,17,18,19,20,21,22,23,24,25,26,27,28,29,30,31,32,33,34,35,36,37,38,39,40,41,42,43,44,45,46,47,48,49,50,51,52,53,54,55,56,57,58,59,60,61,62,63
0,0.03142557,0.16193369,-0.105682164,-0.95728487,-0.013940759,-0.24756077,0.06177196,0.2369916,0.29706892,-0.36525664,0.17045099,0.2506432,-0.010792243,-0.21750867,-0.10505377,-0.06264777,-0.8709469,0.040652122,0.19006379,-0.7624901,-0.081327066,0.36310923,-0.3868237,-0.21425276,0.11511082,-0.06901466,-0.113976665,0.06613614,0.59121585,-0.49817225,0.18644683,0.3326104,0.28942215,-0.18894793,0.6833924,0.08514299,-0.2569074,0.051642004,0.099602,-0.1360837,0.03097339,0.27644125,0.0045847376,-0.029289013,-0.14709777,0.19120339,-0.91744524,-0.347412,0.19522813,0.24798675,0.42992905,0.049652137,-0.023513306,-0.06818686,0.123024926,0.0038182018,0.051588442,-0.023042096,-0.031042757,0.317143,-0.1689848,-0.046799216,0.513122,-0.027302993
1,0.027011983,0.16562065,-0.097104885,-0.96005946,-0.011576752,-0.23035766,0.061982792,0.23590466,0.29825422,-0.36739913,0.1804552,0.24563217,-0.0156971,-0.20065512,-0.1030808,-0.061011344,-0.87033504,0.03915383,0.18591265,-0.7572596,-0.0795495,0.3655513,-0.37794802,-0.2221146,0.10754246,-0.06908918,-0.115370356,0.0672258,0.5878126,-0.49461365,0.18491426,0.33798802,0.286101,-0.18508872,0.68162715,0.08155842,-0.26133558,0.05501277,0.104998425,-0.13539067,0.032475255,0.2793179,0.0076930295,-0.02830227,-0.14803034,0.18505321,-0.91706395,-0.35304967,0.19298352,0.25449163,0.44366035,0.048950683,-0.024670208,-0.067728765,0.11822385,0.00083216885,0.04608318,-0.029715022,-0.029323597,0.3196531,-0.1680024,-0.047512423,0.50627166,-0.025633372
2,0.029833378,0.17112784,-0.10048411,-0.95885396,-0.013198781,-0.24065559,0.066078246,0.23372361,0.29674122,-0.36974487,0.18089373,0.2505309,-0.015263231,-0.19907826,-0.09780021,-0.060160592,-0.87494147,0.041353345,0.18800597,-0.764368,-0.077030234,0.3714215,-0.3857723,-0.2197186,0.10984373,-0.070587486,-0.11128375,0.07446011,0.59780157,-0.506864,0.18669935,0.33406928,0.28473195,-0.18043345,0.681114,0.08065094,-0.26097295,0.057102315,0.10690336,-0.13410927,0.03205878,0.27352813,0.004903988,-0.028480344,-0.14931634,0.18134247,-0.91633505,-0.35725048,0.18697767,0.2584215,0.43182018,0.0494187,-0.023678688,-0.07076076,0.11883545,-0.00038571647,0.049414422,-0.026932241,-0.027993288,0.3312587,-0.16898204,-0.047100887,0.512919,-0.022374475
3,0.025966607,0.15994059,-0.10117859,-0.9574559,-0.012180181,-0.22576708,0.06348373,0.2361556,0.2894556,-0.37612203,0.1792513,0.24447076,-0.014403115,-0.20320465,-0.1100577,-0.06230779,-0.87493336,0.03727659,0.19006555,-0.7557789,-0.08219329,0.3623879,-0.38425037,-0.229714,0.10826342,-0.068185225,-0.11936442,0.057949983,0.58681816,-0.49687615,0.18374005,0.33289975,0.29284182,-0.1937227,0.6825462,0.08121267,-0.2664745,0.055988114,0.104588225,-0.13846828,0.03489124,0.28937957,0.006148007,-0.028127719,-0.14852905,0.19143455,-0.9167533,-0.35601702,0.19795643,0.2576515,0.44772094,0.049072333,-0.025549281,-0.06886942,0.12390441,0.002731054,0.052805297,-0.03062197,-0.030044261,0.3168023,-0.16529343,-0.048410922,0.5094846,-0.025774673
4,0.04063315,0.18067293,-0.10026539,-0.9579142,-0.0077845426,-0.24216402,0.061611805,0.23365301,0.29662648,-0.3792204,0.1754927,0.25429162,-0.01967984,-0.22743823,-0.10566305,-0.065062135,-0.8700046,0.04200243,0.19155788,-0.76874727,-0.070743136,0.36076754,-0.384345,-0.2229191,0.10451046,-0.07538292,-0.11252845,0.082780205,0.58818805,-0.5046073,0.19018021,0.3406546,0.2906515,-0.1831013,0.6862106,0.06857647,-0.26091397,0.059327852,0.1160312,-0.13083205,0.030421043,0.2857662,0.005159948,-0.044197664,-0.15468892,0.18652819,-0.9209505,-0.3605626,0.19474185,0.26552588,0.42686015,0.05339323,-0.02668113,-0.06566611,0.120039806,-0.004548119,0.050584868,-0.030762386,-0.031736244,0.32680658,-0.17281118,-0.05088974,0.49796683,-0.029659372
5,0.033476245,0.16543928,-0.10448557,-0.9586829,-0.013347945,-0.2410349,0.05770704,0.22954161,0.30169117,-0.36062273,0.16902992,0.24966213,-0.016222253,-0.218715,-0.10725099,-0.06318118,-0.87365735,0.041571096,0.18959638,-0.766733,-0.078986004,0.36336392,-0.37248492,-0.20875567,0.111144416,-0.071742885,-0.109953,0.073707126,0.5816784,-0.4963805,0.18199815,0.3362153,0.2784874,-0.1781212,0.68498886,0.08187129,-0.259601,0.056382645,0.103385136,-0.13508181,0.029304516,0.27110708,0.0037840586,-0.03208,-0.14975336,0.18166746,-0.9209125,-0.3464791,0.18796772,0.24890448,0.4304915,0.04911529,-0.024209118,-0.0678098,0.12105077,0.00071791955,0.053019434,-0.024462515,-0.030659843,0.31567085,-0.1662683,-0.046649028,0.50721353,-0.024656577
6,0.03448914,0.16868404,-0.09936605,-0.9594513,-0.0100683505,-0.2326849,0.056333866,0.22895645,0.30158412,-0.35033557,0.17313391,0.24569324,-0.01747493,-0.20285304,-0.111223124,-0.065233685,-0.87141716,0.041199446,0.18603404,-0.7596747,-0.071200415,0.35617492,-0.36630815,-0.2075271,0.104630314,-0.07380296,-0.112504736,0.077403165,0.56258637,-0.490809,0.17920813,0.34310764,0.27239132,-0.16791523,0.69655824,0.07191429,-0.257801,0.05751938,0.099876195,-0.13155055,0.028161012,0.2640391,0.0016448431,-0.0325699,-0.15908802,0.17391968,-0.92279774,-0.34509444,0.18393314,0.24891521,0.4237875,0.049112756,-0.0235628,-0.06855046,0.11873492,0.00035565297,0.056039423,-0.034523167,-0.030135764,0.3154229,-0.1649335,-0.04732286,0.49207342,-0.026348688
7,0.034752294,0.16682884,-0.09750256,-0.9586138,-0.008823297,-0.23907706,0.059394848,0.22863892,0.30092943,-0.35760075,0.17296045,0.24382874,-0.015230165,-0.19942316,-0.10521598,-0.06505747,-0.8774266,0.039855655,0.18911648,-0.7568202,-0.07154872,0.35667184,-0.37780285,-0.21598777,0.102800496,-0.07440296,-0.11174205,0.07560867,0.56488246,-0.4949267,0.18090019,0.34432352,0.2786451,-0.1724373,0.6938534,0.0693307,-0.2633421,0.060088355,0.100854814,-0.13249877,0.030849496,0.27162358,0.0019066967,-0.031699177,-0.16254303,0.17486462,-0.9198035,-0.3512885,0.18473294,0.25413045,0.4269722,0.04967931,-0.02399594,-0.07068025,0.11753798,0.0007917026,0.05835544,-0.035395846,-0.029727982,0.31693393,-0.16422115,-0.048216376,0.49956042,-0.027664924
8,0.024767991,0.16173644,-0.09944385,-0.9556442,-0.009470671,-0.23321113,0.0658003,0.23537791,0.29113778,-0.37270883,0.17561807,0.25221673,-0.015458835,-0.20075251,-0.105924144,-0.06036758,-0.87292373,0.037505962,0.18342346,-0.7515965,-0.081741564,0.37385178,-0.39540336,-0.23196134,0.11019054,-0.07083301,-0.11770613,0.059991244,0.59978384,-0.51204383,0.18598165,0.33024332,0.295733,-0.19399226,0.68022364,0.08170967,-0.2614529,0.053941894,0.108664855,-0.1338329,0.035989728,0.29408333,0.0038530794,-0.029033119,-0.14310071,0.19494721,-0.91412854,-0.35487443,0.19956027,0.25663263,0.4437863,0.04913447,-0.025818035,-0.068033084,0.12228821,0.0009861111,0.044212278,-0.02857483,-0.029156035,0.32410675,-0.16671516,-0.049530152,0.51253265,-0.025010465
9,0.033459734,0.1638712,-0.10295684,-0.95996374,-0.013231423,-0.24699385,0.062196057,0.22857174,0.30219907,-0.36366972,0.16931403,0.24730952,-0.013709014,-0.21633673,-0.10367448,-0.062449887,-0.87956035,0.039693076,0.19160351,-0.7611092,-0.08066662,0.365176,-0.3826612,-0.21499512,0.11103874,-0.07172638,-0.10982238,0.06607999,0.5869124,-0.5029597,0.1835948,0.33887246,0.28854188,-0.18739492,0.67697257,0.07959159,-0.26355976,0.05665734,0.10257128,-0.13980319,0.030090906,0.27879265,0.008998834,-0.027352968,-0.14867641,0.18588842,-0.91723144,-0.35300884,0.18799523,0.2565724,0.429273,0.048569612,-0.024544256,-0.06947474,0.116908126,0.0039251777,0.05259752,-0.024755254,-0.028597096,0.31624594,-0.16743807,-0.048418444,0.51701456,-0.027155735
10,0.028193735,0.16469139,-0.09530831,-0.9590057,-0.008971834,-0.2381399,0.06308615,0.23937942,0.2929447,-0.3842723,0.18115169,0.24445096,-0.013273726,-0.21035433,-0.10682513,-0.06208205,-0.87747186,0.037658487,0.19377758,-0.76316696,-0.08060854,0.3663642,-0.38881212,-0.23107052,0.108178146,-0.06900312,-0.1143768,0.06542352,0.5943203,-0.4968358,0.19258875,0.333311,0.29706696,-0.19664054,0.681803,0.079350375,-0.2722622,0.058692176,0.11179858,-0.13779765,0.036543857,0.2933591,0.0056909383,-0.032769933,-0.15328707,0.19542697,-0.91572344,-0.35833326,0.19837417,0.25770035,0.4524618,0.05118585,-0.027122023,-0.06911333,0.12296372,-0.0005791079,0.051554877,-0.025685476,-0.033252455,0.3184809,-0.1643119,-0.048496816,0.5108568,-0.028643139
11,0.030095953,0.16529395,-0.09903347,-0.96146023,-0.014123138,-0.24213554,0.064438455,0.22501037,0.30345428,-0.36458585,0.17697467,0.24227709,-0.015794542,-0.20049816,-0.0994991,-0.06034672,-0.8828886,0.040013123,0.19177608,-0.7636307,-0.07879961,0.36601135,-0.3764995,-0.21860808,0.106816985,-0.07190735,-0.10766689,0.073800996,0.5806345,-0.49673632,0.18174037,0.33580053,0.27698845,-0.17657939,0.67839074,0.07837297,-0.26906356,0.06119264,0.1026037,-0.13707422,0.031943318,0.26825866,0.0058969012,-0.025649745,-0.15463962,0.17385797,-0.9172109,-0.35402638,0.17812313,0.25929442,0.43480834,0.047288224,-0.02424448,-0.072729796,0.11520902,0.0015439789,0.0514986,-0.026994187,-0.026515974,0.32002467,-0.16287656,-0.047559395,0.51372284,-0.021295356
12,0.02625876,0.16401826,-0.09700622,-0.9576145,-0.010468264,-0.23935172,0.06542732,0.23646785,0.29432127,-0.37629837,0.17898093,0.24427852,-0.0139406,-0.1997445,-0.101013586,-0.06167094,-0.8769809,0.03772186,0.18898124,-0.754837,-0.07908441,0.3656275,-0.39087322,-0.23284638,0.109150104,-0.06930625,-0.11831717,0.061423775,0.59121984,-0.5032635,0.18540248,0.33687493,0.29484242,-0.19299048,0.67901754,0.0786503,-0.2647478,0.057290435,0.10721676,-0.13892113,0.033710804,0.28936285,0.008017214,-0.026428489,-0.14339775,0.19290772,-0.91447425,-0.35244122,0.19571145,0.2613081,0.44266546,0.048890952,-0.024779128,-0.06604575,0.11926616,0.0009502097,0.044652503,-0.03077331,-0.028632592,0.318946,-0.16845953,-0.050728727,0.5116162,-0.028474748
13,0.027441124,0.1628005,-0.095304996,-0.96175396,-0.010535496,-0.23519441,0.06331642,0.22958098,0.29759085,-0.3674416,0.17718408,0.24775526,-0.017009351,-0.20503429,-0.1062403,-0.05951894,-0.8738478,0.03847667,0.1854213,-0.7579817,-0.081601985,0.37480462,-0.3817653,-0.22297305,0.10911809,-0.072327375,-0.11314179,0.06782527,0.5919665,-0.49926734,0.185589,0.3343197,0.28484452,-0.19187257,0.6820506,0.08340944,-0.2643282,0.05642347,0.10835606,-0.1347425,0.035548218,0.28200603,0.006800597,-0.0288239,-0.14651988,0.18572485,-0.9157379,-0.35159975,0.19065939,0.25188038,0.44426078,0.04854846,-0.02696343,-0.06778894,0.11947545,0.00036006325,0.04447468,-0.026322551,-0.028586425,0.32059994,-0.16458304,-0.04833318,0.507954,-0.021246374
14,0.032919478,0.1616037,-0.09229137,-0.96025276,-0.0087851295,-0.24354944,0.057765555,0.23416041,0.30327493,-0.350063,0.17141756,0.24428445,-0.0067457696,-0.19720678,-0.094187066,-0.06211129,-0.8759632,0.040422842,0.1879466,-0.7547181,-0.07258333,0.35989994,-0.379957,-0.21633151,0.10314812,-0.07221225,-0.111094184,0.077186435,0.566016,-0.4955661,0.18054707,0.3466366,0.27808988,-0.17491616,0.6981125,0.075372554,-0.25893342,0.05916146,0.09412392,-0.13048242,0.029140418,0.26745328,0.0020011712,-0.028568475,-0.16171108,0.17804131,-0.9160334,-0.34868672,0.1844477,0.24343123,0.4280523,0.05012293,-0.02094493,-0.067752816,0.116682455,0.0017016071,0.05131918,-0.02931617,-0.032482866,0.3196622,-0.16238596,-0.047582816,0.5022221,-0.027567707
15,0.030118939,0.15888156,-0.09449588,-0.95967305,-0.009227635,-0.2415703,0.060538217,0.2211698,0.30530286,-0.34103674,0.16419299,0.2459638,-0.0121598635,-0.18643047,-0.09295686,-0.060195364,-0.88003975,0.03940027,0.18135145,-0.74550396,-0.07461395,0.3667926,-0.38098317,-0.21680647,0.103519395,-0.07556931,-0.11018792,0.07454933,0.56403345,-0.5058097,0.17311057,0.3440227,0.27172124,-0.17107141,0.6934997,0.07502987,-0.2583722,0.05938509,0.09543302,-0.13013653,0.029895887,0.26788247,0.0012121369,-0.023580704,-0.15629056,0.17047986,-0.9149411,-0.34598833,0.17785631,0.24786738,0.42055947,0.046705868,-0.020901756,-0.068430394,0.1142109,0.002676472,0.04751096,-0.032305706,-0.027712615,0.32121497,-0.16109942,-0.048648175,0.505074,-0.022442888
16,0.024969712,0.16563591,-0.09228078,-0.9588691,-0.010248626,-0.20936328,0.063699156,0.23006907,0.29264346,-0.35916996,0.19283447,0.23967436,-0.018474605,-0.17308173,-0.114554174,-0.06287581,-0.87107867,0.03773408,0.18563081,-0.7490446,-0.070079505,0.35611853,-0.36975557,-0.23158564,0.100217134,-0.07167823,-0.12366801,0.06372611,0.5594476,-0.49038026,0.17652589,0.34694922,0.27576035,-0.17567705,0.6992543,0.07179922,-0.2624528,0.06122487,0.09745377,-0.13579604,0.033561658,0.2702439,0.0077102133,-0.022800801,-0.15767592,0.17280574,-0.91991025,-0.35854828,0.18235235,0.26205558,0.44463933,0.048044834,-0.023843471,-0.071409635,0.11719276,0.00073512207,0.053993132,-0.048879173,-0.021057064,0.32186943,-0.16374879,-0.04950856,0.49301168,-0.021775616
17,0.024836887,0.16691682,-0.088827625,-0.96021754,-0.008633163,-0.21892612,0.06410401,0.23261514,0.29259127,-0.36477953,0.19354896,0.24011661,-0.01697344,-0.17812121,-0.10957186,-0.061620116,-0.87188184,0.03793617,0.18622118,-0.7532052,-0.07005413,0.36320668,-0.37512928,-0.23109405,0.10103978,-0.07155671,-0.120202586,0.06900522,0.56816024,-0.4906025,0.18221398,0.34324515,0.27723208,-0.18019754,0.7003282,0.07301363,-0.26427883,0.061393727,0.101330325,-0.13432357,0.035696585,0.27256387,0.0060586073,-0.025652763,-0.15949313,0.1744137,-0.91731405,-0.3579992,0.18325955,0.25830257,0.4463235,0.049213555,-0.024733404,-0.07096664,0.11860314,-0.0010029924,0.05156148,-0.04268281,-0.024000999,0.32461616,-0.16280702,-0.04884803,0.4943593,-0.020885682
18,0.037951007,0.1688312,-0.09753122,-0.95962346,-0.00990523,-0.23564161,0.057200454,0.23057422,0.30150247,-0.3572583,0.17630126,0.24813981,-0.013801973,-0.21051589,-0.10181363,-0.06294809,-0.8655951,0.041043606,0.18444584,-0.7576754,-0.07193028,0.3606041,-0.37554377,-0.21292704,0.10764367,-0.07267311,-0.11399551,0.07337753,0.567148,-0.4978493,0.18130212,0.34766072,0.28166878,-0.18575005,0.69940054,0.07651294,-0.25210515,0.055717755,0.09943056,-0.13240899,0.028604645,0.2770534,0.006769171,-0.032771226,-0.15460855,0.18149576,-0.91729504,-0.3497444,0.1864534,0.25149038,0.42071107,0.05092047,-0.02387138,-0.06645402,0.11998397,0.0012347372,0.0514361,-0.0316866,-0.028102983,0.32013372,-0.16716541,-0.04750309,0.49746957,-0.025336526
19,0.03978072,0.169546,-0.0935074,-0.95908207,-0.0074729486,-0.24519248,0.058924016,0.23047133,0.3030922,-0.36673418,0.17506203,0.245338,-0.012487518,-0.21101786,-0.097648844,-0.063285396,-0.8752814,0.039448515,0.1905585,-0.75828475,-0.072147004,0.3613462,-0.38599923,-0.22229153,0.105409496,-0.07377062,-0.11086024,0.07249627,0.5701966,-0.50465053,0.1854463,0.35060436,0.2911273,-0.19043198,0.692597,0.07048112,-0.26302302,0.06078484,0.10330623,-0.13595672,0.030107021,0.2878392,0.00817478,-0.03358954,-0.16008547,0.18557632,-0.914772,-0.35862982,0.18566804,0.26069543,0.42659184,0.05169321,-0.024626788,-0.06895027,0.116840705,0.0012293133,0.054045025,-0.031050548,-0.028850729,0.3207899,-0.16557793,-0.049261738,0.5071114,-0.029420776
20,0.027275965,0.16358434,-0.09715184,-0.9570142,-0.010356598,-0.22928123,0.063711956,0.24041228,0.29132393,-0.37666932,0.18166937,0.24979655,-0.011960197,-0.20472783,-0.10917942,-0.062016718,-0.8708744,0.03788602,0.18738455,-0.7560454,-0.07952176,0.36696512,-0.39125925,-0.23085956,0.10933505,-0.06987738,-0.120119594,0.058934625,0.5957286,-0.50525016,0.18737343,0.3368523,0.29757974,-0.19606687,0.6865829,0.081348024,-0.26056072,0.054893997,0.10689227,-0.13555399,0.03528409,0.29186726,0.0077746604,-0.029453948,-0.14463145,0.19614664,-0.9153248,-0.358373,0.20111386,0.25703925,0.44615486,0.05063236,-0.026229495,-0.06695503,0.12202667,0.0009896721,0.04868523,-0.030811049,-0.029044682,0.32151857,-0.16705622,-0.048583318,0.511182,-0.026983054
21,0.025024422,0.16402134,-0.098077424,-0.96090555,-0.011394105,-0.23710127,0.06601082,0.22894543,0.30037135,-0.36532396,0.17582116,0.2478693,-0.017807081,-0.20322642,-0.09969825,-0.05893866,-0.8739043,0.03901013,0.18423833,-0.75561196,-0.08130083,0.37513155,-0.38330454,-0.22414348,0.109138064,-0.072361045,-0.11177881,0.068761446,0.593199,-0.50171864,0.18456781,0.33392963,0.28384942,-0.18800808,0.67624956,0.08282629,-0.26268277,0.055933345,0.106985666,-0.13409404,0.0344825,0.27933744,0.0066041793,-0.027670996,-0.14427795,0.18315198,-0.9152251,-0.35067013,0.18887477,0.25582808,0.44146964,0.04794613,-0.0261488,-0.06886384,0.11757178,0.0006775692,0.04037201,-0.026549002,-0.027646635,0.32198194,-0.16678587,-0.04895317,0.51027924,-0.021417342
22,0.025397494,0.16057141,-0.09825247,-0.95729953,-0.011114976,-0.23156974,0.06378431,0.24438792,0.28772452,-0.37893072,0.1814734,0.24800432,-0.010870341,-0.20313254,-0.10699387,-0.06155168,-0.86895335,0.03813521,0.18774435,-0.75807166,-0.08162995,0.3656957,-0.39259985,-0.2296763,0.11062234,-0.0674402,-0.1204087,0.061736234,0.5979251,-0.49590752,0.1895138,0.3302599,0.2960812,-0.19676842,0.6872503,0.085241966,-0.26178825,0.051978122,0.10643726,-0.13323016,0.036806077,0.28885147,0.0040606507,-0.030703997,-0.14864562,0.19485255,-0.91495246,-0.35449594,0.20379913,0.25070316,0.44834286,0.05055438,-0.024865426,-0.06712662,0.12575102,0.0018781892,0.051656708,-0.028235907,-0.03212539,0.32021478,-0.16647257,-0.04663838,0.50918174,-0.026046224
23,0.025975382,0.15681814,-0.09016244,-0.95945555,-0.008376122,-0.22540551,0.058811422,0.23042327,0.29472458,-0.36106068,0.17620005,0.23829263,-0.011747184,-0.1856803,-0.09860637,-0.062008016,-0.88191265,0.037101485,0.18877375,-0.75123215,-0.075988114,0.35973608,-0.37653628,-0.2297577,0.099449806,-0.07142417,-0.11635742,0.07116525,0.561013,-0.49196056,0.17649342,0.34091073,0.27755174,-0.17782794,0.6952105,0.07363478,-0.2711698,0.06350489,0.09944486,-0.1331499,0.0344923,0.27800834,0.0016042932,-0.027290927,-0.16340631,0.1752702,-0.9163057,-0.35354573,0.1848497,0.25150067,0.4479378,0.048176616,-0.021711787,-0.06780268,0.11901956,0.0016634217,0.054618035,-0.035347693,-0.031462174,0.31583,-0.15698111,-0.04797787,0.5011972,-0.023810687
24,0.032058813,0.16066615,-0.094781615,-0.958384,-0.0090117445,-0.2456524,0.05700596,0.2354161,0.30346757,-0.35221758,0.16790077,0.24596345,-0.0067397673,-0.20157152,-0.09364131,-0.06321356,-0.8771534,0.0405816,0.18873131,-0.757207,-0.07383411,0.3592551,-0.38144168,-0.21660599,0.10501938,-0.071465075,-0.110850155,0.0785971,0.56760806,-0.49657577,0.18145084,0.34156373,0.27737516,-0.17345019,0.697749,0.075308755,-0.25997254,0.05892277,0.09382639,-0.13057992,0.029724969,0.2680846,-0.0011655953,-0.029934678,-0.16263407,0.18133381,-0.9169575,-0.34722006,0.18513,0.24384804,0.42880484,0.050374046,-0.02050766,-0.06817121,0.11885698,0.0012136542,0.051955927,-0.026851796,-0.033732165,0.31784573,-0.16075216,-0.046829138,0.5037121,-0.027967967
25,0.026266858,0.16731459,-0.09627413,-0.9598024,-0.010336297,-0.23998368,0.062343955,0.23936705,0.29740703,-0.3745916,0.18007372,0.2474583,-0.015075561,-0.20728637,-0.10011405,-0.060796205,-0.8714239,0.039674044,0.18679935,-0.7633591,-0.07959463,0.3716026,-0.3839447,-0.22164287,0.10988957,-0.069046885,-0.1123954,0.07315938,0.59819347,-0.49626133,0.19139141,0.3316693,0.2876585,-0.18753307,0.6817672,0.082256295,-0.2635789,0.055164203,0.10937608,-0.13348542,0.03490489,0.2809194,0.004020227,-0.032165974,-0.14942971,0.18902305,-0.91623574,-0.35137147,0.19497515,0.2524617,0.4453645,0.050455283,-0.025830619,-0.067749865,0.12104979,-0.0017400596,0.04498183,-0.023994768,-0.03249968,0.321701,-0.16669036,-0.046691965,0.50790954,-0.025106795
26,0.02772434,0.16132198,-0.097497575,-0.95827615,-0.010940761,-0.22918478,0.062023465,0.23547731,0.29228818,-0.37615344,0.17953095,0.24375136,-0.015050733,-0.19884323,-0.10819281,-0.06263201,-0.8779462,0.03712618,0.19128318,-0.75714266,-0.081478015,0.36295635,-0.3845607,-0.23065929,0.106716216,-0.06928363,-0.117574506,0.060630392,0.5864486,-0.49755767,0.18494107,0.3349637,0.292824,-0.1902152,0.6808883,0.078845285,-0.27074376,0.057966262,0.106598765,-0.13841566,0.035382982,0.28957754,0.0062995446,-0.028821707,-0.15188284,0.18984868,-0.9167237,-0.35800326,0.19580361,0.25784802,0.44976738,0.04907951,-0.025365058,-0.068980955,0.12077692,0.00211176,0.053802274,-0.03052478,-0.030653592,0.3166055,-0.16386807,-0.048351776,0.5106646,-0.026898948
27,0.0346606,0.16615088,-0.09184769,-0.95995206,-0.0063935486,-0.24616951,0.05785504,0.23188332,0.30342063,-0.35457617,0.17321485,0.24433486,-0.012015059,-0.20600095,-0.10623557,-0.06430163,-0.87526405,0.04005883,0.18709888,-0.758642,-0.068534836,0.35847306,-0.3800741,-0.21547912,0.10581575,-0.07409641,-0.112198,0.07670284,0.565731,-0.4952491,0.18252803,0.34683794,0.28031802,-0.17778526,0.7011639,0.07169747,-0.25742656,0.059646163,0.10094176,-0.13193354,0.029370064,0.2712796,0.0035528494,-0.031097548,-0.15768737,0.18112329,-0.91842693,-0.3431263,0.18583953,0.24835765,0.42337763,0.050380774,-0.024043616,-0.066392854,0.11779122,-0.00032223272,0.051185418,-0.033062305,-0.02975464,0.3143002,-0.1626506,-0.049520124,0.49669138,-0.029691957
28,0.023359943,0.1528142,-0.09168985,-0.9589189,-0.010067932,-0.2262046,0.059549894,0.23169538,0.29770818,-0.3511913,0.17440988,0.23853584,-0.009491879,-0.18226464,-0.09566563,-0.061156556,-0.8780623,0.037322428,0.18479708,-0.7455456,-0.07479445,0.35749424,-0.37672967,-0.22921024,0.10368479,-0.06909619,-0.11850651,0.06723888,0.55769205,-0.4912242,0.17204195,0.34001103,0.27323017,-0.17752801,0.70054126,0.07806235,-0.26071817,0.059789237,0.091194734,-0.13314939,0.0321176,0.27037165,0.001247377,-0.021120243,-0.15587457,0.17763287,-0.91492015,-0.3423857,0.1839981,0.24660718,0.43997395,0.046964947,-0.019731542,-0.065083444,0.11978434,0.0027094407,0.04714636,-0.036108088,-0.028720891,0.31270027,-0.15631165,-0.04863271,0.49957806,-0.023567189
29,0.04396134,0.17994754,-0.09576024,-0.9588401,-0.008600049,-0.24469502,0.056472722,0.23680703,0.2971929,-0.37905034,0.1778637,0.24694136,-0.015781814,-0.22188759,-0.09709097,-0.064986385,-0.8743263,0.04189286,0.193268,-0.7692882,-0.071273156,0.35813814,-0.38179842,-0.21612746,0.10202423,-0.07249144,-0.10997717,0.08650994,0.5804003,-0.49555397,0.19007519,0.3401721,0.2900877,-0.18189298,0.69037867,0.06806698,-0.26649672,0.05944953,0.11250061,-0.1308682,0.031840205,0.28516737,0.0050833183,-0.044422578,-0.16650888,0.18239763,-0.9186811,-0.36223865,0.19129477,0.26159286,0.4273079,0.054333463,-0.024766749,-0.06877394,0.1194453,-0.0023176072,0.05689979,-0.028590275,-0.034957454,0.32509643,-0.16944389,-0.04701871,0.50210834,-0.028638583
30,0.031946126,0.16098653,-0.09154047,-0.9602628,-0.008205029,-0.24894923,0.057821486,0.23471276,0.303457,-0.35271937,0.1700281,0.24439019,-0.006680125,-0.19906673,-0.09211127,-0.061869286,-0.8773484,0.040481,0.18808511,-0.757473,-0.07320571,0.3628658,-0.38318965,-0.21611649,0.104377694,-0.07220201,-0.109721325,0.0803371,0.56983,-0.49498823,0.18311936,0.34329826,0.27727452,-0.17566486,0.6984666,0.07608427,-0.26065153,0.059168436,0.09579225,-0.12965286,0.030615788,0.2672574,6.612997e-05,-0.029770331,-0.16338904,0.17837122,-0.915592,-0.34721702,0.18423153,0.24219374,0.4288747,0.050364066,-0.020954918,-0.06773886,0.11783486,0.00095179613,0.051505238,-0.026808599,-0.03356076,0.3192332,-0.16089427,-0.046740867,0.50343835,-0.026731743
31,0.025883408,0.16187118,-0.090159714,-0.9579127,-0.0065754936,-0.2272947,0.06059987,0.23574398,0.29635057,-0.3578476,0.18114874,0.24122365,-0.014450474,-0.1837795,-0.10613914,-0.06381903,-0.8724721,0.03748342,0.18383577,-0.7473307,-0.07047535,0.3564266,-0.38195208,-0.2294259,0.103156775,-0.07082915,-0.120714135,0.066205435,0.56598437,-0.49297523,0.17948706,0.34511715,0.28257722,-0.17856598,0.6990778,0.07232569,-0.25862235,0.058108177,0.09918137,-0.13266076,0.033005908,0.27702114,0.004467497,-0.02636324,-0.15502498,0.18109435,-0.9174765,-0.34717414,0.19062096,0.25304192,0.4387319,0.048679005,-0.022539634,-0.06610653,0.1175518,0.00079499197,0.048747692,-0.042285748,-0.026973017,0.31452858,-0.16256975,-0.04996444,0.4955003,-0.028880231
32,0.029215153,0.16423006,-0.09215609,-0.95792687,-0.0070154164,-0.22493184,0.059517667,0.2351594,0.29078826,-0.37035072,0.18226005,0.24113497,-0.016547263,-0.1910421,-0.11013481,-0.064842716,-0.8761624,0.037346687,0.1890031,-0.7546683,-0.07356118,0.35755298,-0.3802415,-0.229921,0.101200424,-0.071460396,-0.118607126,0.06968783,0.56998426,-0.49044994,0.18335256,0.33859202,0.284641,-0.17978233,0.69522214,0.07006859,-0.2701641,0.06066767,0.105776,-0.13289273,0.036421392,0.28374007,0.0012582322,-0.032416258,-0.16315058,0.18067355,-0.91878474,-0.35537642,0.19231726,0.255213,0.44735506,0.049979474,-0.024585243,-0.0693012,0.121311456,-0.00016528073,0.058453124,-0.038936164,-0.031430136,0.31662917,-0.16137062,-0.048481263,0.4967452,-0.026784278
33,0.033210896,0.16179073,-0.09226221,-0.96043897,-0.008593049,-0.24514756,0.05771307,0.23421976,0.3036261,-0.35234383,0.17104034,0.24354188,-0.006556909,-0.20054553,-0.09425534,-0.06198735,-0.8767149,0.040457204,0.18904403,-0.7567664,-0.072771356,0.35931727,-0.37968948,-0.2166366,0.10336741,-0.07216586,-0.11010692,0.07881521,0.56559336,-0.4935531,0.18162066,0.34550044,0.27782357,-0.17562689,0.69804305,0.075387314,-0.26085407,0.05971178,0.09507646,-0.13037458,0.029425606,0.26785433,0.00129162,-0.029550962,-0.1633181,0.17848349,-0.91601366,-0.34815067,0.184171,0.24375004,0.429853,0.050390072,-0.021165263,-0.068079896,0.117473796,0.0012503929,0.051734243,-0.028233523,-0.03320908,0.31866112,-0.1617692,-0.047476,0.50178605,-0.027621688
34,0.032860838,0.16266029,-0.10514673,-0.9581489,-0.01381228,-0.2387003,0.05751366,0.22928372,0.30167347,-0.35721275,0.16711763,0.25077346,-0.015080433,-0.21966378,-0.105884545,-0.062776335,-0.8722679,0.04144849,0.18788005,-0.7639957,-0.0798172,0.3635046,-0.37259552,-0.20876628,0.11050487,-0.07126727,-0.11091731,0.07164611,0.5801392,-0.498514,0.17970343,0.3366337,0.27781302,-0.17845513,0.68606514,0.08273625,-0.25624236,0.055183604,0.10064699,-0.13428563,0.028774368,0.2717914,0.003961293,-0.031143803,-0.14815347,0.18081132,-0.9204157,-0.34705746,0.1879008,0.24731159,0.4291208,0.048594076,-0.023089837,-0.06686051,0.12075357,0.0020464393,0.05285194,-0.02523193,-0.029937785,0.3157148,-0.16620733,-0.04637365,0.5085811,-0.023908703
35,0.02819368,0.16466972,-0.096371815,-0.95882094,-0.009619027,-0.23383039,0.06371847,0.2385161,0.29178014,-0.3827368,0.18147886,0.24489711,-0.013657561,-0.20871241,-0.10772679,-0.06179043,-0.8767228,0.03762057,0.19234279,-0.7608963,-0.08040452,0.3664852,-0.38812473,-0.2313154,0.10742441,-0.06958601,-0.115309,0.06360361,0.59381527,-0.49890983,0.19025502,0.33474886,0.2973315,-0.19628271,0.68110985,0.079094455,-0.27054185,0.058291346,0.11104126,-0.13743569,0.036023192,0.2934641,0.006802587,-0.031908184,-0.15127632,0.19422203,-0.9155577,-0.3595416,0.19867851,0.2589858,0.45125452,0.05083228,-0.027154472,-0.06910794,0.12240909,7.69046e-05,0.05148809,-0.027585858,-0.03214604,0.31949848,-0.16545802,-0.048906647,0.5106434,-0.027818024
36,0.03404268,0.16729142,-0.103127085,-0.95883566,-0.012335316,-0.25008348,0.063069716,0.2319205,0.3016425,-0.37088448,0.16913761,0.249508,-0.012844415,-0.22227754,-0.1034362,-0.062424596,-0.87963206,0.04027247,0.19251987,-0.76494,-0.07971682,0.36813158,-0.387451,-0.21584125,0.11117353,-0.07248597,-0.107975155,0.07022823,0.5936623,-0.5073424,0.18788132,0.3363637,0.29265508,-0.18859847,0.67662615,0.07828434,-0.26457018,0.05704662,0.10643969,-0.13786545,0.030621525,0.28304952,0.006988782,-0.031206964,-0.1489163,0.19088005,-0.91683555,-0.35440472,0.19094418,0.2585205,0.43008214,0.05015982,-0.026235573,-0.06980318,0.118826814,0.0015404142,0.051170923,-0.021691766,-0.030974096,0.3190524,-0.16777606,-0.048267912,0.51734596,-0.028317941
37,0.03888832,0.17092377,-0.09867926,-0.95739,-0.008775146,-0.24081051,0.06038588,0.23284315,0.30003762,-0.36685258,0.17494401,0.24958822,-0.012487331,-0.21414588,-0.10118587,-0.06412365,-0.87342566,0.039978903,0.18963923,-0.7582154,-0.072163954,0.36227486,-0.3869421,-0.22122195,0.10733841,-0.0737293,-0.11270243,0.07006173,0.57665294,-0.5111184,0.18554944,0.34780797,0.29448116,-0.19025655,0.69007593,0.07093906,-0.25929213,0.05868455,0.10254202,-0.13613413,0.02963929,0.2888006,0.0081154015,-0.03356522,-0.15467438,0.19070403,-0.91620547,-0.35847685,0.18977758,0.26146084,0.4245105,0.05213933,-0.025354031,-0.06887634,0.11870894,0.0007745111,0.052660372,-0.030589305,-0.028728426,0.32255673,-0.167934,-0.049647048,0.50756365,-0.029887307
38,0.036073405,0.16756713,-0.10078932,-0.9612508,-0.012907571,-0.24567881,0.058551945,0.22911751,0.3055998,-0.3619467,0.16898718,0.24845609,-0.014803578,-0.22157377,-0.105558686,-0.062039055,-0.87518716,0.041242294,0.18942691,-0.7661909,-0.07935323,0.3659291,-0.37486404,-0.20851766,0.1106043,-0.07265533,-0.10775138,0.07391199,0.5845771,-0.49782625,0.18418501,0.3387776,0.28235883,-0.1823638,0.68221587,0.080585785,-0.26111275,0.055899143,0.105102636,-0.13613665,0.028704347,0.27414826,0.0071690995,-0.031057868,-0.15012501,0.18379234,-0.9185786,-0.34937707,0.18646342,0.2521003,0.42836356,0.049083553,-0.024713462,-0.06772832,0.117288135,0.0015898345,0.05090352,-0.022377646,-0.030584428,0.31577483,-0.16681166,-0.046741217,0.5097335,-0.026018692
39,0.030131632,0.16277502,-0.09418785,-0.96264607,-0.010799838,-0.23411101,0.061305117,0.22647473,0.30106282,-0.3673569,0.1764822,0.24441479,-0.017530559,-0.20728579,-0.10794996,-0.059928056,-0.87565273,0.03805825,0.18862683,-0.7583658,-0.082047485,0.36860865,-0.37594327,-0.22402304,0.107455,-0.07210342,-0.11193046,0.06690102,0.5820207,-0.493941,0.18306431,0.33728853,0.282917,-0.19082369,0.6817658,0.08177703,-0.2691329,0.058866236,0.10786201,-0.13709238,0.034152295,0.2826491,0.007817632,-0.028488372,-0.1503485,0.183598,-0.91602236,-0.35254097,0.18728034,0.25469375,0.44670138,0.048062734,-0.0264743,-0.06848009,0.11788518,0.0013521395,0.04651701,-0.027269803,-0.028434776,0.31681627,-0.16311285,-0.048890732,0.5071344,-0.022483675
40,0.035413623,0.16951114,-0.09676252,-0.95958406,-0.008740039,-0.23399791,0.05592766,0.22940482,0.3025601,-0.35059375,0.17442892,0.24522902,-0.017124237,-0.20344906,-0.11050039,-0.06526084,-0.87069196,0.04130268,0.18617426,-0.75977415,-0.06985051,0.35487875,-0.36681518,-0.20912753,0.10348551,-0.07393068,-0.112314984,0.07832758,0.5605617,-0.48947483,0.18018986,0.34663233,0.2734139,-0.16819386,0.69829214,0.07117664,-0.2573858,0.058451317,0.100624785,-0.1310082,0.027715756,0.26457748,0.0025354153,-0.033313204,-0.16072738,0.17418502,-0.9228795,-0.34630024,0.18401891,0.24933706,0.42355898,0.04977515,-0.023744943,-0.068309896,0.117795244,-0.00019857245,0.055661157,-0.035819657,-0.029752295,0.31568852,-0.16485845,-0.048009984,0.4910478,-0.027574586
41,0.03372903,0.16629797,-0.10069963,-0.9592191,-0.011609208,-0.24901845,0.061638508,0.22992645,0.30356336,-0.36738256,0.17012982,0.24628396,-0.013683393,-0.21445899,-0.10307764,-0.06281515,-0.8805802,0.03974597,0.19234565,-0.76291716,-0.07908781,0.36386076,-0.38407433,-0.21654035,0.10929605,-0.072019234,-0.108732864,0.0699421,0.58545166,-0.5025701,0.18558823,0.33905897,0.2896383,-0.18445714,0.67758703,0.077097416,-0.26647437,0.058267564,0.10549737,-0.13818547,0.0298989,0.2806308,0.0073791835,-0.030027281,-0.1521047,0.18625112,-0.91731775,-0.35354456,0.18785667,0.25913355,0.43072778,0.04926597,-0.025349252,-0.069777966,0.11675339,0.0021272502,0.052417513,-0.024744578,-0.030389274,0.31703836,-0.16654405,-0.048331846,0.51526403,-0.029023135
42,0.033180244,0.16685037,-0.10140125,-0.9593151,-0.012042805,-0.2551369,0.062413033,0.23888622,0.29970652,-0.37194312,0.17275874,0.2511281,-0.0098550385,-0.22312818,-0.10249732,-0.062391914,-0.8737311,0.04096029,0.19181822,-0.76714224,-0.07956421,0.36717355,-0.3907208,-0.21558523,0.11517623,-0.07047126,-0.11030409,0.07173764,0.59913176,-0.50091654,0.19288366,0.33320278,0.2935123,-0.19171847,0.6810693,0.0826344,-0.26113692,0.05353897,0.105452165,-0.13533151,0.032266285,0.279463,0.005444824,-0.032420978,-0.14956266,0.19482225,-0.9161623,-0.3498307,0.19520414,0.25120345,0.4319816,0.05125971,-0.025056126,-0.06857746,0.12122878,0.0015812404,0.049953576,-0.01976982,-0.032695837,0.31959087,-0.16885051,-0.047179975,0.5146711,-0.028879603
43,0.032367095,0.16366567,-0.096625,-0.9571378,-0.009314235,-0.2654792,0.06568086,0.23852964,0.2984904,-0.37864488,0.17085886,0.24753991,-0.0077672196,-0.21479513,-0.09727415,-0.06212714,-0.8804575,0.038844116,0.19316372,-0.7617298,-0.07816121,0.36741257,-0.40641177,-0.22813368,0.11340215,-0.07116726,-0.11282147,0.066894196,0.59899926,-0.50969714,0.19255644,0.33720505,0.30191472,-0.19842286,0.6811439,0.07849345,-0.26392594,0.056572307,0.10779564,-0.13727741,0.033006486,0.2902878,0.0063207005,-0.02919557,-0.14720227,0.1991399,-0.9118775,-0.3510491,0.19561996,0.25772724,0.4303011,0.050538592,-0.02471344,-0.06599476,0.11924352,0.001987063,0.04839375,-0.023371724,-0.031014662,0.31931627,-0.16834284,-0.050063293,0.520193,-0.032189414
44,0.030719018,0.1713643,-0.09972029,-0.95903695,-0.013126707,-0.24015258,0.06475079,0.23377737,0.2973763,-0.36859658,0.18146762,0.24951915,-0.015307835,-0.19998941,-0.09920632,-0.06061932,-0.8755468,0.041160308,0.18953295,-0.7647293,-0.07690302,0.36940488,-0.3828094,-0.21987627,0.1094036,-0.06975345,-0.111214444,0.07356631,0.59471625,-0.50616777,0.18643327,0.33495414,0.28543004,-0.17979307,0.68008375,0.07960741,-0.26263747,0.05807719,0.10622475,-0.13589677,0.030743834,0.27422673,0.005635607,-0.02831827,-0.15019463,0.18231009,-0.916768,-0.35749465,0.1860591,0.25863034,0.4324859,0.04929522,-0.023446085,-0.07055972,0.118278176,-0.00014404119,0.049407627,-0.026788559,-0.02856274,0.33049452,-0.16841182,-0.047858045,0.5126315,-0.023736475
45,0.02277539,0.16076604,-0.09243551,-0.9594456,-0.008592973,-0.20266671,0.058972467,0.23199867,0.289614,-0.3691227,0.1877746,0.23392016,-0.020459328,-0.1860405,-0.115793675,-0.064733,-0.8743981,0.035857882,0.18916573,-0.75047964,-0.0745848,0.35007632,-0.36300793,-0.2352927,0.09641908,-0.070448935,-0.122484066,0.06578498,0.55235666,-0.47515118,0.17649566,0.33922696,0.2747768,-0.17513117,0.69439626,0.07006373,-0.2745268,0.06331441,0.10261128,-0.13449642,0.037506238,0.27893215,0.0028854378,-0.030576551,-0.16422246,0.17364265,-0.9218517,-0.35445872,0.18831806,0.25846994,0.46120706,0.048009425,-0.025431536,-0.070313215,0.121249266,-4.574761e-05,0.056387845,-0.04695048,-0.028402854,0.3097233,-0.15874232,-0.049606472,0.48782888,-0.024119284
46,0.030756649,0.15812033,-0.09667113,-0.95887524,-0.010149899,-0.2396574,0.05936166,0.22212479,0.30271614,-0.34144902,0.16474582,0.24742351,-0.011578975,-0.19212782,-0.09392162,-0.0606165,-0.8789618,0.039624378,0.18258625,-0.74644274,-0.07472227,0.36771983,-0.3788973,-0.21663167,0.10426042,-0.07435497,-0.11055944,0.07306419,0.5641516,-0.50830567,0.17228566,0.34245688,0.2719092,-0.1722926,0.6936789,0.07548104,-0.2573634,0.059768412,0.09353278,-0.13166043,0.02933562,0.26885098,0.00088625005,-0.024070758,-0.15421978,0.17275558,-0.9154181,-0.345742,0.17892855,0.24589369,0.42158002,0.047075283,-0.02049231,-0.067946345,0.116515815,0.0028763975,0.046858635,-0.03081224,-0.02829997,0.32244566,-0.1612547,-0.04948359,0.5058036,-0.021667657
47,0.03494004,0.16558571,-0.09440525,-0.96269643,-0.00965124,-0.23162106,0.055848718,0.22068548,0.3085725,-0.3475954,0.17352569,0.23657583,-0.017089285,-0.20418613,-0.109707735,-0.0645433,-0.8773245,0.03981388,0.189394,-0.7576733,-0.07000852,0.35073206,-0.35823143,-0.20838249,0.09883019,-0.07526968,-0.10911208,0.07700401,0.5429209,-0.48036253,0.17474464,0.35183933,0.26763186,-0.16839842,0.69717115,0.06931083,-0.26363778,0.062692665,0.09747662,-0.1345193,0.026905283,0.26164782,0.007100295,-0.030694997,-0.16505924,0.16507399,-0.9220423,-0.34746933,0.17499848,0.2534228,0.42568845,0.04808938,-0.024659073,-0.06980697,0.11375341,0.0017954827,0.056787454,-0.03753621,-0.027127307,0.30881208,-0.16153514,-0.048788287,0.49121058,-0.026427543
48,0.03548933,0.17114513,-0.1026182,-0.9578912,-0.0113010565,-0.2522975,0.064650446,0.23319049,0.2988899,-0.3733418,0.17171064,0.2539224,-0.0121418955,-0.22117446,-0.10143089,-0.06297301,-0.87674725,0.04090285,0.19268243,-0.76525134,-0.078595355,0.36987665,-0.39114302,-0.21949197,0.112754054,-0.073270015,-0.11143111,0.07022404,0.5981577,-0.51418865,0.18983,0.33819965,0.29717818,-0.19130786,0.6766693,0.07728523,-0.26200217,0.05806959,0.11069003,-0.13856183,0.0301093,0.28573665,0.007256813,-0.031466037,-0.14395581,0.19597505,-0.9172734,-0.3550437,0.19428287,0.26007864,0.4277879,0.051150754,-0.02730783,-0.067926824,0.120564096,-0.0007629738,0.049415812,-0.023519224,-0.03101359,0.32534224,-0.17163087,-0.05055715,0.51589406,-0.029465124
49,0.026607728,0.15966102,-0.10030693,-0.9568988,-0.0116508,-0.22543667,0.062495243,0.23521104,0.289723,-0.37428638,0.1786162,0.24560514,-0.015372674,-0.20286271,-0.10956763,-0.06261617,-0.8756338,0.037355985,0.19053422,-0.7564916,-0.0817755,0.3634438,-0.383395,-0.23020618,0.1073353,-0.068907335,-0.11886489,0.058397222,0.5866786,-0.4992597,0.18285859,0.33529526,0.29178843,-0.19109616,0.68197167,0.08063941,-0.2670167,0.05735478,0.10532744,-0.13844569,0.03511034,0.28953692,0.00639824,-0.028409004,-0.14862294,0.18888694,-0.9175903,-0.35769376,0.19707514,0.25638962,0.44973257,0.048939988,-0.024746576,-0.06814793,0.12261115,0.0023286913,0.054199375,-0.031958103,-0.029293757,0.3171868,-0.1651969,-0.048765212,0.51112354,-0.02540763
50,0.026979666,0.16345689,-0.09630602,-0.95663834,-0.009573424,-0.23446397,0.062016584,0.24486569,0.29054028,-0.37978876,0.18164097,0.24803163,-0.011920955,-0.20254011,-0.10850904,-0.06288603,-0.8714119,0.038071863,0.18938193,-0.760183,-0.0803603,0.3634109,-0.392187,-0.23176573,0.11036961,-0.06803919,-0.11952244,0.06228079,0.5979937,-0.49851644,0.19176972,0.333187,0.29880673,-0.19359618,0.6847025,0.08170961,-0.26521742,0.053954035,0.10848188,-0.1348155,0.035981286,0.29062533,0.004694755,-0.03180551,-0.15079044,0.19855894,-0.916438,-0.3564677,0.2030026,0.25475872,0.44946694,0.051060308,-0.0250895,-0.06729569,0.12285145,0.0007560562,0.05150976,-0.028829435,-0.03229327,0.31892794,-0.16599354,-0.04759834,0.50995463,-0.029715907
51,0.03392605,0.1593474,-0.09224661,-0.9616166,-0.00968072,-0.24183789,0.057753675,0.22347161,0.30644882,-0.34955668,0.16675617,0.23960742,-0.009919828,-0.19710883,-0.0931152,-0.06156686,-0.8838554,0.03935266,0.18979578,-0.7537229,-0.07419291,0.3602793,-0.37437662,-0.21681228,0.10033948,-0.074180424,-0.10783593,0.077136934,0.55569625,-0.49540338,0.17473263,0.3482851,0.27269435,-0.17354552,0.6943302,0.0723131,-0.2664247,0.06384816,0.09542528,-0.13349003,0.028968835,0.2686272,0.0033126648,-0.026545314,-0.16383329,0.16999358,-0.91584027,-0.3510118,0.1765731,0.24987951,0.42863056,0.04807195,-0.021224534,-0.06898804,0.114439815,0.0028003973,0.054523826,-0.03065987,-0.03046753,0.31612015,-0.15921931,-0.048104886,0.50528514,-0.024532504
52,0.027050111,0.16535273,-0.09693128,-0.9571801,-0.009925161,-0.23005901,0.06404484,0.24079518,0.29098776,-0.37719506,0.18367667,0.24954607,-0.012977114,-0.20216675,-0.1111288,-0.06237456,-0.87095845,0.037983287,0.1875698,-0.7571958,-0.078733765,0.36662528,-0.39110163,-0.2310424,0.1101404,-0.07009393,-0.12005871,0.059026867,0.59713024,-0.5046028,0.189052,0.33737892,0.2986913,-0.19528882,0.6856137,0.08100853,-0.26159066,0.054959305,0.1084213,-0.13599901,0.035382774,0.2908906,0.008175096,-0.029476479,-0.1447925,0.19755225,-0.9163499,-0.357592,0.20161329,0.2581603,0.44626305,0.050889917,-0.0269257,-0.06721775,0.12178922,0.00020093274,0.048708864,-0.0313875,-0.028748266,0.3214451,-0.16743898,-0.04905088,0.50986755,-0.028008044
53,0.034510147,0.16530469,-0.10197217,-0.9603207,-0.013091755,-0.24255687,0.05792136,0.22883601,0.3032294,-0.35997427,0.16975656,0.24842383,-0.015164252,-0.2196533,-0.10544311,-0.0622602,-0.87366414,0.04127531,0.18907794,-0.7658081,-0.078885764,0.36421445,-0.3724344,-0.20880306,0.110425994,-0.0718556,-0.10920736,0.07329416,0.5811849,-0.4954218,0.18220435,0.33814028,0.27902108,-0.18051039,0.68485475,0.08192293,-0.25948787,0.05624851,0.10311797,-0.1354089,0.029084364,0.27182773,0.0057734516,-0.030985888,-0.15014742,0.18126549,-0.9195983,-0.3473172,0.18662544,0.24869142,0.42978483,0.04893873,-0.024129372,-0.067334756,0.11923148,0.0011948051,0.051908974,-0.024092061,-0.030150332,0.31557614,-0.16649055,-0.04695954,0.50757086,-0.024562396
54,0.0309275,0.1701995,-0.098446116,-0.9598695,-0.013098758,-0.24109408,0.06607058,0.23293886,0.2976689,-0.36866292,0.18124427,0.2495958,-0.01444109,-0.20081742,-0.096579894,-0.059299838,-0.8745993,0.041143417,0.1881224,-0.76338977,-0.07718454,0.37216565,-0.38552502,-0.22019641,0.10909271,-0.070664614,-0.110854544,0.07369561,0.5962676,-0.50608814,0.18641071,0.33689016,0.2850599,-0.1830596,0.68210256,0.08108223,-0.26020107,0.057230823,0.106114835,-0.13463253,0.031660113,0.27431628,0.0066031064,-0.027662016,-0.14957803,0.18074967,-0.9150739,-0.35858348,0.18589038,0.25748232,0.43128258,0.04925453,-0.023480749,-0.07032394,0.11781354,0.00019068665,0.048842896,-0.026970563,-0.027275644,0.33133945,-0.16894907,-0.04738303,0.5133718,-0.022020018
55,0.032888085,0.16496241,-0.10623806,-0.9563836,-0.012883484,-0.24319504,0.061801046,0.23027061,0.29977444,-0.36670667,0.16863997,0.24906205,-0.015497577,-0.21636032,-0.10749584,-0.06365745,-0.8787201,0.04029799,0.19258195,-0.7629227,-0.07930573,0.36269727,-0.38367513,-0.21703883,0.11005097,-0.07213734,-0.110673875,0.067677654,0.58574396,-0.50451094,0.18366013,0.3384216,0.2885455,-0.18233092,0.6777753,0.07760432,-0.26349822,0.05767886,0.10405367,-0.13787504,0.029913552,0.27880362,0.006030367,-0.030416781,-0.14979728,0.18664546,-0.92000663,-0.35392207,0.19021663,0.25930783,0.43068156,0.04938269,-0.025128013,-0.07019015,0.119413726,0.0020216666,0.05545686,-0.027729763,-0.028907472,0.31740877,-0.16761397,-0.048718568,0.5150943,-0.028027972
56,0.032413173,0.16241275,-0.107793644,-0.9564273,-0.014397851,-0.23489285,0.05735676,0.2294192,0.29949722,-0.35646185,0.16769676,0.2507256,-0.016506411,-0.2141201,-0.10861429,-0.063458174,-0.87259495,0.041597117,0.18889727,-0.76345354,-0.079678036,0.3615622,-0.37141252,-0.20876326,0.10938974,-0.07142576,-0.11181352,0.071462445,0.5783045,-0.49801072,0.17889112,0.33667657,0.27667105,-0.17461279,0.68589205,0.08179201,-0.25706464,0.055383924,0.09998762,-0.13385205,0.028881544,0.2693187,0.0025846907,-0.03126295,-0.14880164,0.17915307,-0.921754,-0.34787303,0.18902111,0.2474363,0.42991126,0.0484846,-0.023212556,-0.06806539,0.12152407,0.001976514,0.055602495,-0.027511181,-0.029919485,0.31626207,-0.16601537,-0.046118163,0.5067447,-0.024037091
57,0.03362899,0.16477428,-0.100406155,-0.95757556,-0.011520146,-0.25170556,0.060826954,0.23754235,0.30233896,-0.36806652,0.17017342,0.25019702,-0.00978031,-0.21729575,-0.10087193,-0.06267089,-0.87430763,0.04042038,0.1900751,-0.76301837,-0.07945795,0.3634636,-0.3903302,-0.21772526,0.11195482,-0.07046454,-0.11141027,0.06997231,0.59203523,-0.5024261,0.18902585,0.33680978,0.2918984,-0.18710509,0.68299043,0.0805022,-0.26001737,0.05405521,0.10267921,-0.13452034,0.030803517,0.2805858,0.0046633794,-0.031406768,-0.15159571,0.19234185,-0.91586703,-0.3520319,0.192941,0.25306866,0.43047273,0.05051266,-0.023808885,-0.068379655,0.11877319,0.0022741633,0.050790664,-0.023035424,-0.031711154,0.3182639,-0.16757919,-0.04681273,0.5151204,-0.02987122
58,0.03321094,0.16509455,-0.100585796,-0.95525956,-0.009865771,-0.25996375,0.06524741,0.23897834,0.29716703,-0.37807852,0.1701624,0.24941967,-0.0091123255,-0.21473508,-0.10173076,-0.06372858,-0.88019484,0.039190397,0.19481342,-0.7619499,-0.07796797,0.36387756,-0.40397528,-0.22922249,0.1135187,-0.07106305,-0.113866635,0.06501357,0.59720385,-0.51279974,0.1911095,0.33755076,0.3034492,-0.19485229,0.67875016,0.0769497,-0.26470742,0.05719395,0.107721284,-0.13836594,0.031694736,0.29095566,0.0056681773,-0.029726386,-0.14628881,0.20154628,-0.9147423,-0.3526643,0.19741233,0.26076543,0.43138823,0.050805233,-0.024699438,-0.066853434,0.120312594,0.0019026052,0.050507814,-0.025423745,-0.030905869,0.31953162,-0.16924426,-0.050957695,0.51987946,-0.033965375
59,0.025379922,0.16404088,-0.100402735,-0.9592448,-0.012920016,-0.23222856,0.06290902,0.23672761,0.2956956,-0.37056267,0.17897294,0.24656986,-0.015454328,-0.2049599,-0.1026017,-0.060732536,-0.869423,0.03946527,0.18534166,-0.7592716,-0.08111102,0.36744505,-0.3799235,-0.22100529,0.1103621,-0.06824006,-0.11513083,0.06845193,0.5914227,-0.49309224,0.18532015,0.3306432,0.28409502,-0.18699946,0.6831168,0.08425599,-0.26061842,0.053481128,0.10506679,-0.13389602,0.033911597,0.27857676,0.0041424367,-0.02927143,-0.147129,0.18570909,-0.9166434,-0.34903166,0.19420959,0.2524173,0.44310755,0.048997764,-0.024882717,-0.06767031,0.122520894,0.0007010193,0.046563413,-0.026800744,-0.030617818,0.319603,-0.16696538,-0.046502795,0.50658536,-0.0230389
60,0.033522293,0.16620389,-0.098712094,-0.9548458,-0.009762675,-0.2378832,0.064804055,0.22879963,0.2952246,-0.3671731,0.17860714,0.24892046,-0.012074708,-0.19905445,-0.09788665,-0.06338663,-0.87818843,0.039216164,0.19048676,-0.75627714,-0.07014241,0.36261457,-0.39111125,-0.23314355,0.10888205,-0.07358737,-0.1198329,0.06490536,0.5718365,-0.5191599,0.17852008,0.34714338,0.29009268,-0.1889679,0.6936928,0.071550556,-0.2571304,0.06363327,0.10043758,-0.13940112,0.030268196,0.2845064,0.008536874,-0.025845703,-0.14710785,0.18818071,-0.9163439,-0.3556753,0.18481106,0.2670482,0.4250823,0.049726613,-0.023457063,-0.066693656,0.12036128,0.00031558672,0.049626347,-0.037807845,-0.022126256,0.32427683,-0.16564979,-0.052903548,0.5100314,-0.025684794
61,0.028120274,0.15285225,-0.09049678,-0.95914596,-0.00748446,-0.24772377,0.058124032,0.23401052,0.3029052,-0.34952074,0.16808662,0.23785518,-0.00030285827,-0.19439042,-0.09602697,-0.06209861,-0.88006717,0.038633678,0.19110756,-0.75113684,-0.072850294,0.35180345,-0.38632342,-0.2214466,0.10196298,-0.07260124,-0.11471863,0.070004985,0.5531484,-0.49053285,0.17797159,0.35072368,0.28257883,-0.18164918,0.70210594,0.07761547,-0.25898242,0.059281338,0.09149658,-0.13092515,0.029075043,0.27072346,0.0059479214,-0.027161397,-0.16403653,0.17730446,-0.9139162,-0.34753954,0.18443222,0.24468204,0.43069384,0.048719343,-0.019290363,-0.065938205,0.11601955,0.005797287,0.05255147,-0.03227174,-0.030407304,0.31035963,-0.1592447,-0.047887847,0.50629896,-0.03209515
62,0.02752528,0.16433156,-0.098670304,-0.9577868,-0.011082114,-0.23259734,0.065645225,0.23648518,0.29101175,-0.3793872,0.1786116,0.2473275,-0.015646579,-0.20178789,-0.10715608,-0.062022455,-0.87816346,0.037534446,0.1897212,-0.75874674,-0.08227299,0.36912122,-0.3901554,-0.23232144,0.11061755,-0.0712222,-0.117828086,0.062367354,0.59687316,-0.5033784,0.18818595,0.33068722,0.29653308,-0.19377959,0.6774914,0.07902401,-0.27080122,0.056551445,0.11016858,-0.13863447,0.036743067,0.2916675,0.0058766822,-0.029133918,-0.14764392,0.1946082,-0.91606075,-0.35671276,0.19811441,0.26148435,0.44761756,0.04930568,-0.026313126,-0.06915308,0.12199577,0.0012800603,0.050521612,-0.027046112,-0.03097586,0.3182288,-0.16510692,-0.04850313,0.512015,-0.026529947
63,0.037907258,0.17024817,-0.09951481,-0.95562655,-0.008486061,-0.2381643,0.059074793,0.2315894,0.30026937,-0.364501,0.1748611,0.24826224,-0.014394692,-0.20663892,-0.10326228,-0.06553346,-0.874299,0.039856844,0.19008137,-0.7578469,-0.07178863,0.3573527,-0.38415295,-0.22250992,0.10691727,-0.073298305,-0.11388453,0.06960028,0.5702292,-0.5086516,0.18349913,0.34842405,0.291932,-0.18465792,0.69049364,0.06956966,-0.2613505,0.059946187,0.101933286,-0.13636044,0.028991109,0.28616622,0.0066008903,-0.03352008,-0.15724798,0.18823966,-0.91840017,-0.3572286,0.18826717,0.2635922,0.42534593,0.051546987,-0.024660071,-0.06935434,0.118738,0.0008206513,0.05530348,-0.0341092,-0.028241413,0.3206376,-0.16643819,-0.049675222,0.5058832,-0.030812098
64,0.031741455,0.15540695,-0.0896083,-0.96166587,-0.009259395,-0.24381898,0.055742137,0.22405924,0.30780506,-0.3409928,0.16556723,0.2407853,-0.008831928,-0.1898823,-0.09421117,-0.061851718,-0.88254637,0.03936108,0.18549906,-0.752543,-0.07239612,0.3599994,-0.37518498,-0.21527968,0.10379347,-0.0739758,-0.1111223,0.07656179,0.55386394,-0.4947525,0.17143822,0.34682456,0.26816392,-0.17050698,0.70289356,0.07596237,-0.2597843,0.061684556,0.092117816,-0.13180545,0.028977044,0.26192865,0.0021677332,-0.023147376,-0.15923862,0.1706489,-0.9159875,-0.340264,0.17629486,0.241261,0.42341053,0.047056526,-0.01980068,-0.06474942,0.114754274,0.0028791246,0.051250093,-0.031197282,-0.02919708,0.31163114,-0.15540284,-0.047389213,0.5021084,-0.02372922
65,0.031509932,0.16137014,-0.09547924,-0.95887613,-0.0094737,-0.24253243,0.05828588,0.23310204,0.3006756,-0.35242316,0.16988482,0.24572578,-0.008343666,-0.19599342,-0.09406403,-0.06214242,-0.8767077,0.040680356,0.18698794,-0.75507367,-0.073119536,0.3630924,-0.38247022,-0.21627983,0.10408683,-0.07280628,-0.11107395,0.0784715,0.56943613,-0.49799374,0.17971735,0.34278524,0.27587637,-0.17327847,0.69734323,0.07572096,-0.25928962,0.05902887,0.09527659,-0.12942517,0.030683728,0.2664506,-0.0003667936,-0.02916532,-0.1610129,0.17630677,-0.9167171,-0.34808648,0.18489406,0.24505109,0.4279535,0.050035607,-0.021000488,-0.06833414,0.118882984,0.0015636852,0.052605424,-0.029312138,-0.032298103,0.3213167,-0.16229582,-0.047122285,0.5034214,-0.024871744
66,0.03135273,0.17018348,-0.09894372,-0.95984733,-0.013365996,-0.23759222,0.0653819,0.2328839,0.29756093,-0.36608297,0.18223324,0.24908838,-0.014495767,-0.19906422,-0.098691866,-0.059842024,-0.87412345,0.041033395,0.18884997,-0.7618725,-0.07683056,0.36954477,-0.3823693,-0.220164,0.10821993,-0.070152,-0.11208886,0.071359105,0.5924302,-0.5059219,0.1850087,0.339066,0.285618,-0.18224035,0.681537,0.08030581,-0.25994956,0.057600573,0.104235835,-0.13628246,0.03028623,0.27399144,0.008015366,-0.026627209,-0.14906706,0.18097195,-0.91595304,-0.35954446,0.18581988,0.25794703,0.4314574,0.04909575,-0.023194175,-0.07051398,0.11719158,0.0008541414,0.0490832,-0.028577035,-0.026860597,0.33104476,-0.16954078,-0.04811673,0.512478,-0.023272222
67,0.02605565,0.1686396,-0.09921538,-0.95814264,-0.010674501,-0.2373123,0.061915845,0.24029738,0.29706937,-0.37428445,0.18001847,0.24888864,-0.01580313,-0.20723519,-0.10328948,-0.062331386,-0.87123305,0.039882794,0.18754336,-0.76404107,-0.07940716,0.3678933,-0.38208902,-0.22252765,0.11118879,-0.06855461,-0.113535464,0.07156733,0.5974285,-0.4978157,0.19112073,0.3308335,0.2889508,-0.184746,0.68026125,0.08124948,-0.2637904,0.055147894,0.108903505,-0.13466503,0.034064468,0.28115475,0.003148384,-0.032294303,-0.14868599,0.19289273,-0.9183598,-0.35077545,0.19638248,0.25495586,0.44536117,0.05069283,-0.025978103,-0.06834468,0.12187177,-0.0022388136,0.045432273,-0.024656193,-0.03240111,0.32063302,-0.16684504,-0.047279213,0.5070999,-0.027190063
68,0.01907878,0.1542264,-0.093762085,-0.9562552,-0.010200746,-0.20050748,0.057866488,0.23801523,0.28595123,-0.3609618,0.18240596,0.24062818,-0.014843154,-0.17870508,-0.104277454,-0.062113315,-0.8708626,0.036841717,0.18414749,-0.7455377,-0.07745056,0.35775352,-0.36836368,-0.23555894,0.09872389,-0.06750684,-0.12483938,0.06608078,0.56198955,-0.48640198,0.17316705,0.33662063,0.27240315,-0.17353724,0.69873005,0.077470586,-0.26444283,0.059696402,0.09648575,-0.13124749,0.035989165,0.2757525,-0.0014014674,-0.026556984,-0.15792872,0.1761998,-0.91927534,-0.35319015,0.19203015,0.24772489,0.4601642,0.04778323,-0.020268742,-0.06599378,0.123847835,0.00082424795,0.052165955,-0.04256824,-0.030543296,0.31765348,-0.15847772,-0.047560737,0.49300712,-0.020463286
69,0.029633833,0.16696297,-0.09880971,-0.9576957,-0.012117567,-0.22791983,0.060974486,0.23010963,0.2952287,-0.3532634,0.1784902,0.24783053,-0.013587982,-0.1847755,-0.09488964,-0.061702263,-0.87729895,0.041684374,0.18749025,-0.7569379,-0.07150682,0.36510333,-0.37369084,-0.21992996,0.10281687,-0.07153811,-0.11231317,0.07910051,0.57068217,-0.50532705,0.17650555,0.340111,0.2704968,-0.16536205,0.6946986,0.07397858,-0.26074064,0.0629014,0.09658353,-0.13171938,0.029652849,0.26195198,-0.0010243801,-0.02647561,-0.15853283,0.17177966,-0.91908723,-0.35419297,0.17989217,0.25231704,0.42979583,0.049151067,-0.020254819,-0.0707617,0.12000975,-0.0004317631,0.052147344,-0.033689953,-0.029087363,0.33187452,-0.16253595,-0.048522204,0.5017841,-0.020243697
70,0.027376574,0.16173916,-0.10030749,-0.9562939,-0.011378946,-0.22827269,0.061979204,0.23614182,0.29077893,-0.37742776,0.17853233,0.2453963,-0.016052252,-0.20018412,-0.110518984,-0.06349983,-0.87793654,0.037479352,0.19201744,-0.7590852,-0.08162386,0.36235192,-0.38501123,-0.23120911,0.1079737,-0.069319,-0.11781467,0.060806673,0.5882223,-0.49958855,0.1851274,0.33300963,0.29319677,-0.18861474,0.68039536,0.078673705,-0.27115005,0.058041,0.10733396,-0.13815437,0.035508785,0.2895896,0.004514579,-0.030095918,-0.15135597,0.19156611,-0.9183712,-0.35752323,0.19720541,0.25920027,0.4502019,0.049349807,-0.025535058,-0.06936866,0.122634955,0.0014921939,0.05536909,-0.030729705,-0.030887146,0.31664932,-0.16343844,-0.04838672,0.5111061,-0.02702664
71,0.0298453,0.16375528,-0.094371624,-0.9595852,-0.00943428,-0.23653537,0.061740823,0.2359358,0.2949204,-0.38318643,0.17978169,0.24230349,-0.014198291,-0.20922127,-0.10718537,-0.06196324,-0.87903655,0.037264515,0.19483303,-0.76212674,-0.08131907,0.36377093,-0.38576436,-0.23195228,0.10671417,-0.06941247,-0.11361525,0.06443856,0.58777726,-0.49460647,0.18933792,0.3357233,0.29465932,-0.1953257,0.6815345,0.078284495,-0.27510783,0.060356986,0.11121974,-0.13884707,0.03582657,0.29341498,0.0062865415,-0.03190182,-0.1555252,0.19183658,-0.9154746,-0.35947773,0.19516449,0.2598945,0.45298588,0.050275944,-0.026395626,-0.06928229,0.12126331,0.00073930685,0.053571478,-0.027213924,-0.032437526,0.31634608,-0.16310847,-0.048727725,0.5112663,-0.028203176
72,0.02264174,0.15309352,-0.0882992,-0.96069616,-0.008000907,-0.2357712,0.061787397,0.2252493,0.30387393,-0.34624255,0.17133422,0.24002934,-0.011352924,-0.18043241,-0.09218682,-0.059917446,-0.8821727,0.0370314,0.1838004,-0.7422693,-0.07465914,0.36531833,-0.3817571,-0.23236412,0.10334314,-0.07248631,-0.11551601,0.06831863,0.56080234,-0.49926662,0.1731768,0.34265792,0.27330464,-0.1786017,0.69442904,0.07667462,-0.26297042,0.06221532,0.09343478,-0.13356823,0.033013344,0.2713649,0.0032748242,-0.019613221,-0.15277919,0.17647906,-0.9133642,-0.34288374,0.17947526,0.24858052,0.43867424,0.04637492,-0.020921446,-0.06593203,0.11460473,0.002136546,0.039996177,-0.03452763,-0.026140153,0.3149114,-0.15610504,-0.05075953,0.5035984,-0.022940336
73,0.036035288,0.16879983,-0.093363896,-0.96067536,-0.008206602,-0.24258727,0.058938775,0.22451766,0.30743724,-0.35727182,0.17444271,0.23991749,-0.014238662,-0.20864515,-0.106749244,-0.06499028,-0.88009834,0.03928633,0.19154948,-0.7569244,-0.06983697,0.35598245,-0.37382278,-0.21549381,0.10225881,-0.075495526,-0.10949404,0.07294781,0.55714947,-0.49430403,0.18089426,0.3515554,0.2798662,-0.1778515,0.69417953,0.066940635,-0.2648582,0.06372344,0.09999542,-0.13781916,0.028687803,0.27304912,0.0081580505,-0.030204717,-0.1611373,0.17632473,-0.91883636,-0.352726,0.17870393,0.26057327,0.42476872,0.050112538,-0.026113736,-0.070586056,0.11384861,0.000618898,0.05364628,-0.034959447,-0.027247418,0.31416327,-0.16395226,-0.050369743,0.50186265,-0.029332059
74,0.02737428,0.16167636,-0.09749977,-0.9572199,-0.010595492,-0.2296407,0.062316187,0.24375772,0.2892072,-0.37782466,0.18173334,0.24736649,-0.011790782,-0.19966003,-0.108682744,-0.062479585,-0.87127066,0.037949592,0.18983448,-0.75839865,-0.08065689,0.3622749,-0.3900337,-0.23119058,0.108781576,-0.06823679,-0.12021435,0.06169098,0.5943495,-0.4968195,0.18904395,0.33371627,0.29637644,-0.19192003,0.68501663,0.08229152,-0.2650789,0.05401851,0.10625465,-0.13432841,0.03614427,0.2883796,0.004796886,-0.030717606,-0.150983,0.1948476,-0.91647446,-0.35695973,0.20270312,0.25249392,0.450679,0.05046581,-0.024747128,-0.06794129,0.12315171,0.0013245734,0.053566013,-0.030435057,-0.03177759,0.31894183,-0.16614705,-0.04729537,0.50882274,-0.028153403
75,0.035371985,0.16872126,-0.09427951,-0.9609392,-0.008707355,-0.2386578,0.05553773,0.22868282,0.30345652,-0.35169026,0.17423964,0.24427968,-0.01656456,-0.2018092,-0.10617061,-0.06446213,-0.87254083,0.041121818,0.18626912,-0.76120925,-0.07055016,0.3577427,-0.36817205,-0.20813182,0.10332426,-0.0740982,-0.11041166,0.08184322,0.56227165,-0.48720652,0.18101963,0.34331053,0.271011,-0.16797984,0.69922,0.07206912,-0.26012427,0.058631923,0.101589724,-0.12979427,0.029592292,0.26380867,0.0010879786,-0.03369129,-0.16328278,0.17118488,-0.92111975,-0.34513924,0.18252322,0.24567917,0.42487502,0.049632337,-0.02347387,-0.06827693,0.11774251,-0.00031790562,0.055728834,-0.032724764,-0.031255517,0.31571707,-0.16268602,-0.046808213,0.49184757,-0.025523363
76,0.0353076,0.16292655,-0.09301782,-0.96165013,-0.009754592,-0.23854513,0.053078827,0.22427343,0.30835098,-0.34478316,0.16733105,0.24154446,-0.012342503,-0.20062837,-0.09755454,-0.06305588,-0.879198,0.04100176,0.1884073,-0.7595546,-0.073161736,0.3573396,-0.36320594,-0.21004003,0.10215899,-0.07394034,-0.10820244,0.081974104,0.55102444,-0.48893926,0.17462592,0.34661162,0.2664102,-0.16658716,0.6990154,0.073907934,-0.2638293,0.062860265,0.09615054,-0.13248232,0.026909174,0.26148513,0.0011247037,-0.029670589,-0.16447262,0.17025524,-0.91986865,-0.3449329,0.17598799,0.24526657,0.42728338,0.048569918,-0.020909077,-0.06742675,0.116206415,0.001113442,0.053592574,-0.028797604,-0.032214615,0.31365818,-0.15791523,-0.047091443,0.49636516,-0.024654623
77,0.02664131,0.17081107,-0.09931579,-0.9558934,-0.008353666,-0.2220602,0.05930328,0.23839155,0.29217398,-0.36487997,0.18297717,0.24724895,-0.019765796,-0.19381154,-0.110821165,-0.06561676,-0.8675501,0.040166587,0.1852557,-0.7573654,-0.071062356,0.35921243,-0.37344298,-0.22176102,0.104061075,-0.07054838,-0.117323704,0.07520561,0.57567495,-0.49316967,0.18419133,0.33664393,0.278836,-0.17012548,0.6939236,0.07159853,-0.26098293,0.057927735,0.10474411,-0.13060406,0.033343382,0.27246276,-0.0016383708,-0.03422243,-0.15710205,0.18132772,-0.9228293,-0.34984756,0.19389233,0.2545723,0.44190666,0.05101234,-0.024936048,-0.06959526,0.12351121,-0.0029036796,0.052196074,-0.037996866,-0.031187013,0.32179713,-0.16585809,-0.04857241,0.49108377,-0.026331067
78,0.035730407,0.17126521,-0.09738259,-0.95992893,-0.00897478,-0.23771097,0.05676475,0.2314037,0.30153185,-0.3549364,0.1740183,0.2473082,-0.016097786,-0.21018924,-0.10906007,-0.06470112,-0.8710586,0.041663725,0.18676314,-0.7626105,-0.07049599,0.36009863,-0.36992326,-0.20762543,0.105027094,-0.07408341,-0.110565715,0.080547035,0.56915015,-0.49308577,0.18319485,0.3425396,0.2759666,-0.17182101,0.69671243,0.07212983,-0.2578067,0.057871513,0.10267796,-0.13089243,0.028774753,0.26742667,0.001845771,-0.034707,-0.15889904,0.17764063,-0.92152876,-0.34642762,0.18602318,0.24817048,0.42391467,0.050652005,-0.02465568,-0.06825358,0.11949938,-0.0011090172,0.053769674,-0.030804887,-0.0315921,0.31787702,-0.16529071,-0.047661096,0.49311548,-0.026822336
79,0.03443702,0.16763525,-0.09999942,-0.9581421,-0.009881101,-0.22999197,0.055316962,0.2289767,0.3005197,-0.3486806,0.17357668,0.24589238,-0.018093422,-0.19911295,-0.11178505,-0.06595924,-0.8709255,0.041302156,0.18647896,-0.7590258,-0.07041445,0.3535452,-0.36507905,-0.20847741,0.103439465,-0.07350226,-0.11331633,0.077225134,0.55892235,-0.49011534,0.17806245,0.34441158,0.27106285,-0.16479875,0.69839203,0.07143168,-0.25754887,0.058250166,0.09846353,-0.13079756,0.027984874,0.26231173,0.00045656797,-0.03301925,-0.16056778,0.17266428,-0.92397743,-0.34554026,0.18437971,0.24758959,0.42416918,0.049291123,-0.023220465,-0.068997376,0.11926231,0.00013914438,0.057870682,-0.036831774,-0.029896775,0.3154158,-0.16398504,-0.04752802,0.49053523,-0.026575625
80,0.03390624,0.16728227,-0.09736506,-0.9583061,-0.008702933,-0.24192432,0.06046204,0.23795654,0.29717308,-0.35824114,0.17518698,0.24811693,-0.012095251,-0.2032038,-0.10515205,-0.06457278,-0.86957157,0.040673353,0.18662766,-0.7575411,-0.071814254,0.35825068,-0.38351703,-0.21683761,0.107598126,-0.07205416,-0.11581116,0.075775854,0.5749861,-0.4923581,0.18652397,0.33872616,0.2827454,-0.17803146,0.6966183,0.07309748,-0.25675613,0.05432725,0.09861056,-0.13014914,0.03141254,0.27009246,0.0002904355,-0.032678068,-0.15923929,0.18395932,-0.9187719,-0.34623268,0.19166163,0.24815482,0.42437908,0.050978158,-0.023227712,-0.069323055,0.12102983,0.0010173435,0.053068805,-0.03148419,-0.031932,0.31851456,-0.16616087,-0.04797578,0.4957806,-0.029482685
81,0.033146907,0.16790158,-0.100266844,-0.9555446,-0.0103368815,-0.25771645,0.06686354,0.23477353,0.2983026,-0.37562492,0.17230488,0.25105777,-0.011070824,-0.21323137,-0.1008876,-0.063526385,-0.8803052,0.039112873,0.1918274,-0.75802827,-0.07629345,0.36857808,-0.40471518,-0.2291602,0.11460233,-0.07270661,-0.11476866,0.06128695,0.5978863,-0.5212864,0.18817355,0.34051144,0.304215,-0.19780353,0.6799323,0.0760071,-0.26121715,0.058309305,0.1069759,-0.1413215,0.031139428,0.29259044,0.009526187,-0.027063029,-0.1395713,0.2022026,-0.91367155,-0.35262957,0.19488741,0.26584768,0.42480132,0.050950874,-0.026083319,-0.066553466,0.1188151,0.0011975259,0.045274105,-0.026473945,-0.027659543,0.32292342,-0.17088926,-0.052259125,0.5215614,-0.03169134
82,0.026491944,0.16412963,-0.09964989,-0.95715183,-0.010550339,-0.2313546,0.064244255,0.23746978,0.28885648,-0.3827498,0.18030076,0.246801,-0.015453814,-0.20384869,-0.107542105,-0.06199371,-0.87676567,0.037850466,0.19023421,-0.7593373,-0.080712825,0.36999983,-0.3907217,-0.23088159,0.10794963,-0.07020815,-0.11644744,0.06342222,0.5968132,-0.5029596,0.18802458,0.33204135,0.2951237,-0.19347586,0.6804269,0.07938216,-0.26909474,0.057695508,0.11109514,-0.13633767,0.037124697,0.29170644,0.0049387948,-0.031526294,-0.14902176,0.1916947,-0.91633564,-0.3592152,0.19931468,0.2601981,0.44982144,0.050481025,-0.027017113,-0.069287285,0.12379727,0.0004006248,0.052425727,-0.028708272,-0.031225014,0.32188344,-0.16597089,-0.04847931,0.5120628,-0.025004296
83,0.028285956,0.16498667,-0.094681956,-0.9568759,-0.007103979,-0.21870522,0.060111783,0.23569435,0.2895512,-0.368025,0.18311104,0.24178883,-0.017320208,-0.18946573,-0.11420639,-0.065718345,-0.87443614,0.03736491,0.18855113,-0.7521146,-0.07272698,0.35457304,-0.3780259,-0.22983918,0.10066616,-0.07103349,-0.12093752,0.065841585,0.5678074,-0.49238434,0.1816823,0.34153673,0.28632963,-0.1786361,0.69404984,0.06914352,-0.26736695,0.060333148,0.10449325,-0.1341466,0.034479104,0.28366795,0.0030123459,-0.03160006,-0.16035412,0.1817738,-0.9204741,-0.35658377,0.19382459,0.25821152,0.4461984,0.049816094,-0.024804188,-0.0694812,0.12111758,0.00016913997,0.058208454,-0.042590052,-0.030087082,0.31702298,-0.16388056,-0.04951894,0.49528304,-0.028679565
84,0.026536226,0.15937883,-0.10247031,-0.9572567,-0.012972407,-0.22632739,0.06382979,0.23595992,0.28947544,-0.37675613,0.17725056,0.24546112,-0.0144226365,-0.20816696,-0.11109462,-0.062160257,-0.8752168,0.03745734,0.19100767,-0.75768733,-0.083501674,0.36349,-0.3839633,-0.22882451,0.10956106,-0.06843626,-0.11873602,0.057892982,0.5883793,-0.49775583,0.1837692,0.33103055,0.29313335,-0.19520222,0.6816667,0.082219124,-0.26721293,0.055546194,0.10524391,-0.13886073,0.035097733,0.2906967,0.0057421476,-0.02836627,-0.14781521,0.19193263,-0.916837,-0.3558374,0.19785674,0.25690243,0.44853023,0.04881406,-0.025312252,-0.068729155,0.12510625,0.0030461622,0.05427406,-0.029112631,-0.030355986,0.31633973,-0.16492869,-0.04793556,0.5114785,-0.0251397
85,0.034839783,0.16599849,-0.10225511,-0.95882297,-0.012045455,-0.2459694,0.06167813,0.22957943,0.30164722,-0.36702538,0.17025353,0.247126,-0.014339892,-0.21632415,-0.10424235,-0.06262146,-0.88003206,0.03993779,0.1931692,-0.7620101,-0.07916342,0.36500922,-0.38352138,-0.21702185,0.10828208,-0.07217202,-0.1086721,0.06897275,0.58515686,-0.50383085,0.18424454,0.34039938,0.28896773,-0.1843918,0.6775965,0.07676643,-0.26567593,0.05881268,0.10508693,-0.13848852,0.030006362,0.28080484,0.0073649827,-0.029787283,-0.1513629,0.18485977,-0.9178274,-0.3560347,0.18818712,0.25886333,0.431674,0.049384482,-0.02504525,-0.070170395,0.11747898,0.0024454275,0.054073777,-0.025962459,-0.02965687,0.31899184,-0.16754791,-0.048855633,0.51593506,-0.027756141
86,0.025438031,0.16084884,-0.10094767,-0.9546624,-0.011141388,-0.22624004,0.06207719,0.24429817,0.28719032,-0.37601316,0.18056554,0.24926564,-0.013118529,-0.1969696,-0.111457184,-0.0634834,-0.87017024,0.038195636,0.18899992,-0.75771457,-0.08070046,0.36141106,-0.38986608,-0.23054044,0.10948927,-0.06778012,-0.12191336,0.059836436,0.59500355,-0.4995137,0.18762954,0.33259252,0.2958959,-0.18914667,0.6849509,0.08254255,-0.2630237,0.05321303,0.10513916,-0.13405895,0.03571685,0.286972,0.0033335711,-0.030931674,-0.14894171,0.19528988,-0.91843206,-0.35626167,0.20439646,0.25263178,0.44979486,0.050328225,-0.02442233,-0.06808439,0.124518216,0.0015063959,0.054634664,-0.032216653,-0.031252738,0.31918576,-0.16650347,-0.047226656,0.5089412,-0.02817492
87,0.032698657,0.15918173,-0.0975443,-0.96005386,-0.011687706,-0.22881137,0.053967215,0.22387582,0.3043822,-0.33868757,0.1674589,0.2427298,-0.013310404,-0.19170581,-0.10059612,-0.06319054,-0.87718403,0.040868495,0.18625292,-0.75472313,-0.07326163,0.35554814,-0.36090505,-0.2087674,0.10139785,-0.07333024,-0.11140735,0.0773487,0.54908216,-0.49060437,0.17028043,0.3464784,0.26346442,-0.16244501,0.6997654,0.0751437,-0.25908157,0.06076443,0.0914371,-0.13117819,0.026634935,0.25692135,0.0004933974,-0.027139181,-0.16110092,0.16693366,-0.92136,-0.344043,0.17721717,0.24201532,0.42516485,0.047304235,-0.02014935,-0.06743508,0.117125615,0.0022492982,0.055763356,-0.0334502,-0.03034722,0.31413904,-0.15874213,-0.046676874,0.49485448,-0.022908561
88,0.03367078,0.15873307,-0.09320397,-0.96135074,-0.010144516,-0.23676775,0.05771018,0.22310576,0.3063163,-0.34519494,0.16806005,0.23952278,-0.009818392,-0.19263077,-0.0950123,-0.062082663,-0.8825642,0.039246317,0.18933244,-0.7503939,-0.07382526,0.3571584,-0.37139902,-0.2163517,0.09963425,-0.07386533,-0.11031013,0.07339757,0.5511226,-0.4953563,0.172624,0.3514415,0.2730241,-0.17274596,0.69461685,0.07232944,-0.26377484,0.063220054,0.09261649,-0.13488312,0.027476534,0.26743802,0.0053803786,-0.024417592,-0.16217,0.16975373,-0.91675395,-0.3515882,0.17683966,0.2500474,0.42726076,0.047681063,-0.020931628,-0.06887378,0.113603204,0.00372839,0.05441154,-0.03337873,-0.029058378,0.31575987,-0.16038224,-0.04855927,0.5036928,-0.02566224
89,0.03442038,0.16304971,-0.09199407,-0.9628747,-0.00950116,-0.23832144,0.05491861,0.2265305,0.30667442,-0.34582862,0.1699144,0.24168031,-0.0107579725,-0.20312579,-0.09683808,-0.061560735,-0.8770223,0.04112855,0.18750043,-0.75912577,-0.07218912,0.36012736,-0.364497,-0.209,0.101336375,-0.07363097,-0.107847475,0.082481995,0.55502695,-0.48822752,0.17644069,0.34715372,0.2675828,-0.1701027,0.70020944,0.07535288,-0.2608761,0.06170071,0.09613681,-0.13078727,0.02727542,0.2614409,0.002349985,-0.029941272,-0.16272564,0.17006896,-0.9184111,-0.3450599,0.17787069,0.24194637,0.42726988,0.049125716,-0.021676885,-0.06700253,0.11678309,0.0005070695,0.05148312,-0.028197141,-0.032497685,0.31610334,-0.15974821,-0.047119025,0.49485815,-0.023905326
90,0.02583187,0.1559343,-0.0928851,-0.95879894,-0.009219486,-0.21767753,0.05884639,0.23009613,0.29344335,-0.3568221,0.17668998,0.23860626,-0.012378125,-0.18146484,-0.102117606,-0.06272811,-0.8803743,0.03701007,0.18866028,-0.7474452,-0.07570896,0.35602665,-0.37307808,-0.22972493,0.09849089,-0.07099047,-0.118953295,0.066296585,0.5563788,-0.49269515,0.17345089,0.34410983,0.2774807,-0.17589782,0.69477755,0.073277086,-0.2683522,0.063004375,0.09600788,-0.13456693,0.0327058,0.2764314,0.0031012462,-0.025375266,-0.1612388,0.17507996,-0.9179051,-0.35479712,0.18560603,0.25218663,0.44692233,0.04769145,-0.021425487,-0.068079285,0.11858965,0.002619408,0.05538183,-0.039237786,-0.02982517,0.31563264,-0.15884908,-0.048760697,0.49955553,-0.02486078
91,0.03363207,0.16101803,-0.0943972,-0.96146005,-0.010566919,-0.23290387,0.05454248,0.22432996,0.30645984,-0.34057996,0.1681854,0.242084,-0.012365148,-0.19623561,-0.099342085,-0.06253948,-0.8769305,0.040884294,0.18591544,-0.75550705,-0.072656766,0.35677135,-0.36260164,-0.20942356,0.101459876,-0.07373499,-0.11043699,0.078479216,0.5506395,-0.48991102,0.17234994,0.34865758,0.26574653,-0.16585605,0.6996554,0.07486809,-0.25885996,0.060968652,0.09347874,-0.13136221,0.02633348,0.2590554,0.0025479908,-0.02748473,-0.16117878,0.16849779,-0.9202769,-0.3446826,0.17690675,0.2438116,0.42452142,0.047784287,-0.0206406,-0.06677956,0.11567542,0.0019448951,0.05340494,-0.03245647,-0.030157274,0.3142617,-0.15962367,-0.047177054,0.49529546,-0.023895286
92,0.029104482,0.1630422,-0.09560414,-0.9591814,-0.010141725,-0.23052329,0.062703915,0.23557428,0.29332033,-0.3780279,0.18034,0.24353991,-0.014497805,-0.20288387,-0.10780169,-0.06196539,-0.87765396,0.03716942,0.19165456,-0.75718,-0.08085456,0.364286,-0.38558716,-0.23174123,0.10594834,-0.06970451,-0.11623383,0.060930543,0.58788544,-0.49864328,0.18619077,0.33816928,0.2951218,-0.19364105,0.680652,0.078067005,-0.27076608,0.058714706,0.10868459,-0.13864894,0.035067715,0.29235864,0.008195219,-0.029213944,-0.1515007,0.19054462,-0.9155751,-0.3607449,0.19593193,0.260047,0.44995168,0.049579058,-0.025831334,-0.068941705,0.11980076,0.0019055405,0.052745227,-0.030426038,-0.030280564,0.31796166,-0.16512099,-0.049041353,0.5113175,-0.0276377
93,0.033846945,0.16391006,-0.10356084,-0.9592088,-0.013289513,-0.24614173,0.062415477,0.22974333,0.30142382,-0.36792776,0.16962498,0.24604514,-0.012474662,-0.22054349,-0.104039736,-0.062190574,-0.87869537,0.03980311,0.19282383,-0.76273674,-0.08043987,0.36264396,-0.38228065,-0.21609238,0.11058717,-0.071193874,-0.10941036,0.0681303,0.58326143,-0.4994307,0.18427442,0.33650866,0.28835273,-0.18862437,0.680091,0.0795982,-0.26450163,0.0569271,0.10286086,-0.13833427,0.030025758,0.28036478,0.00661238,-0.029442696,-0.15115592,0.18697976,-0.9167107,-0.35173023,0.18846658,0.25713,0.4304731,0.04918108,-0.025351498,-0.07006785,0.1201496,0.0029679285,0.05299236,-0.023849066,-0.030310709,0.3161491,-0.16625643,-0.04814643,0.5141704,-0.02709261
94,0.027485313,0.16965201,-0.09194959,-0.9592501,-0.0066792453,-0.23133354,0.059454616,0.23874709,0.29581177,-0.36552078,0.18324777,0.24435961,-0.017084867,-0.19632646,-0.10472689,-0.06359582,-0.8686758,0.039675806,0.18524091,-0.758696,-0.07138981,0.36302394,-0.37626404,-0.22100213,0.10341994,-0.07059665,-0.1146905,0.07870647,0.5772287,-0.48873675,0.18785061,0.3376252,0.27910897,-0.17548804,0.6962348,0.07304063,-0.26231053,0.05783825,0.10602353,-0.129717,0.03436721,0.27371767,-0.0001385766,-0.034437686,-0.16037959,0.17978318,-0.9193249,-0.3493385,0.19149548,0.24970299,0.44234377,0.051017795,-0.024792628,-0.06844409,0.12130604,-0.0031116472,0.050097257,-0.03412213,-0.03254001,0.32097644,-0.16432194,-0.047564175,0.4921981,-0.026099158
95,0.027692806,0.16105615,-0.095637746,-0.96220815,-0.011631066,-0.2290147,0.0638864,0.2260024,0.2987268,-0.36222583,0.17682193,0.24639857,-0.017571319,-0.19922863,-0.106830254,-0.05919392,-0.8733407,0.038056105,0.18384565,-0.7530456,-0.081883736,0.3713385,-0.3786627,-0.22361808,0.107502796,-0.07286434,-0.11491151,0.064113304,0.5852361,-0.49828795,0.18042041,0.33861458,0.28268906,-0.19020131,0.6824361,0.08353711,-0.26247272,0.05599421,0.10574548,-0.13521034,0.034408398,0.2806188,0.009261909,-0.025519753,-0.14543268,0.18120517,-0.9155714,-0.35258642,0.18857722,0.25350198,0.44222602,0.04725149,-0.02607514,-0.06767491,0.11712831,0.0023265786,0.045265835,-0.03045434,-0.025665248,0.31914428,-0.16530788,-0.04836763,0.50734884,-0.020298606
96,0.034683935,0.16915534,-0.09925688,-0.96091837,-0.011732686,-0.24756372,0.060240697,0.23021781,0.30481127,-0.3613224,0.17079476,0.24983346,-0.015335089,-0.21542108,-0.10283594,-0.061811384,-0.8747516,0.041410353,0.1868225,-0.76528865,-0.07821367,0.367995,-0.3784353,-0.21127483,0.11211435,-0.073641434,-0.109628454,0.075764395,0.5881578,-0.49877557,0.18663098,0.33772045,0.28319314,-0.18200536,0.6827835,0.080318734,-0.25990131,0.055236533,0.10583587,-0.13497618,0.02991816,0.2724539,0.0064431373,-0.030993493,-0.1493333,0.18580347,-0.91860527,-0.3471458,0.18780328,0.25322092,0.425772,0.04948533,-0.025067197,-0.06771279,0.117152736,0.00063847273,0.04749219,-0.022273138,-0.03037769,0.31638557,-0.16651508,-0.047181223,0.50707537,-0.02661941
97,0.02739677,0.16220321,-0.09947533,-0.9598293,-0.011857953,-0.22779104,0.06313846,0.2293271,0.29651895,-0.36535642,0.17541729,0.2498241,-0.017117469,-0.20599966,-0.108411,-0.060396507,-0.8726827,0.038557656,0.18492195,-0.755386,-0.08197578,0.37133428,-0.37944964,-0.22377503,0.108756155,-0.07204377,-0.11515716,0.06445616,0.58918816,-0.50309706,0.18169431,0.33431345,0.28518546,-0.1894604,0.68112046,0.08271657,-0.26185754,0.055955205,0.105745964,-0.13506338,0.034106925,0.28322026,0.006636739,-0.028245375,-0.14395003,0.18668856,-0.9168662,-0.3529201,0.19205818,0.25414288,0.4431888,0.048256867,-0.026407516,-0.06811232,0.12016749,0.0013776898,0.045025297,-0.028304392,-0.027860783,0.32048982,-0.16543117,-0.048685387,0.5082775,-0.021579577
98,0.035439257,0.1681982,-0.099400915,-0.9616746,-0.012723844,-0.24817963,0.060546502,0.22959247,0.30522028,-0.36134598,0.16983153,0.24981467,-0.0147738755,-0.2182514,-0.102205746,-0.061215647,-0.8751335,0.041280862,0.1870138,-0.7649702,-0.07946937,0.3699997,-0.37856704,-0.21007773,0.112624735,-0.07373785,-0.10927767,0.074978694,0.5896164,-0.49920505,0.18614992,0.33671525,0.282896,-0.18436483,0.6820996,0.08102037,-0.25968322,0.054558128,0.105119005,-0.13588263,0.030052379,0.2728831,0.0072028358,-0.030074537,-0.14816883,0.18545133,-0.91736215,-0.34739763,0.18716113,0.25211123,0.4253795,0.049063575,-0.02486684,-0.0675513,0.117045335,0.0014256998,0.047313094,-0.020740034,-0.030454015,0.31621936,-0.1666897,-0.04667081,0.50887793,-0.02544629
99,0.032726392,0.16315895,-0.10415309,-0.95754445,-0.013269481,-0.24528253,0.061629478,0.23619404,0.29948786,-0.36422303,0.17035449,0.25071737,-0.011117521,-0.21074338,-0.10445103,-0.06274226,-0.87372404,0.04042847,0.19003454,-0.7613625,-0.08030635,0.3635547,-0.38770926,-0.21574421,0.11212428,-0.07085849,-0.113157764,0.06705036,0.59118885,-0.5028184,0.18607415,0.33632547,0.29006612,-0.18477619,0.68158937,0.082109675,-0.2590924,0.052952517,0.10057816,-0.1350763,0.03089896,0.2769712,0.0049080304,-0.029345613,-0.14930345,0.18947765,-0.9175124,-0.35141084,0.19357778,0.2507293,0.43099296,0.049452227,-0.023560304,-0.06902752,0.11971027,0.0032625003,0.053718735,-0.025245424,-0.030451583,0.3183402,-0.16848463,-0.046436734,0.51446927,-0.02830143
100,0.02786501,0.16076052,-0.0958232,-0.96271014,-0.012098082,-0.22248614,0.059799228,0.22737455,0.29955673,-0.3662933,0.17949758,0.23837738,-0.0168771,-0.20414993,-0.11164792,-0.061709475,-0.87656397,0.037760004,0.19058496,-0.7584265,-0.07989336,0.35972664,-0.36677688,-0.22122377,0.10327311,-0.0712847,-0.114140965,0.06477846,0.56890255,-0.48445135,0.17878392,0.3421454,0.27995613,-0.18555273,0.6845871,0.08006862,-0.26858342,0.059999477,0.10330584,-0.13881195,0.03251774,0.27735177,0.0109545775,-0.02764761,-0.15332271,0.17800711,-0.91920847,-0.3539063,0.18607722,0.2560046,0.44821116,0.047692604,-0.026336096,-0.06851837,0.11739402,0.0026322135,0.052408945,-0.03270547,-0.027034048,0.3106768,-0.16279824,-0.048251394,0.50316703,-0.023986809
101,0.03418433,0.16572393,-0.09762281,-0.9597801,-0.009812134,-0.25665325,0.06281187,0.22677884,0.30609664,-0.36433303,0.16712531,0.24922213,-0.014326798,-0.21457195,-0.09984995,-0.059985813,-0.8787364,0.039544925,0.18792269,-0.7591897,-0.08002731,0.3714909,-0.3903342,-0.21826415,0.111219436,-0.0734379,-0.106517375,0.07069029,0.5902911,-0.5073451,0.18660489,0.33728874,0.2887457,-0.18824957,0.6784178,0.07928028,-0.2641391,0.05698141,0.10728623,-0.1359424,0.031028073,0.2833264,0.0055123023,-0.029141182,-0.15024729,0.18729906,-0.91376626,-0.3505383,0.18624498,0.25615478,0.42736933,0.048743032,-0.025126956,-0.0695056,0.115978785,0.0016498956,0.04574474,-0.022284184,-0.029306352,0.32054645,-0.16637713,-0.049341872,0.51614475,-0.027177377
102,0.03430859,0.16373573,-0.10270739,-0.9586792,-0.012552377,-0.24523106,0.06110793,0.22887392,0.30136395,-0.365087,0.16898327,0.24708869,-0.013740978,-0.21665192,-0.10307521,-0.06260336,-0.87965095,0.039781068,0.19271012,-0.7618916,-0.08003655,0.36461183,-0.38158748,-0.21655574,0.10871506,-0.071627066,-0.108869165,0.06826698,0.5831859,-0.503434,0.18274865,0.33901882,0.28723404,-0.18456298,0.6788311,0.0783373,-0.26518682,0.058368232,0.10330789,-0.13850439,0.030122783,0.28066093,0.0064719925,-0.02929807,-0.1510248,0.18406935,-0.917515,-0.35413232,0.18762694,0.25597516,0.43229493,0.048941728,-0.024268616,-0.06948361,0.11830418,0.0028678174,0.053810548,-0.025190288,-0.029800124,0.31755754,-0.16648519,-0.04848924,0.5163281,-0.026732657
103,0.035638165,0.16616367,-0.096980855,-0.9606782,-0.011532673,-0.24791788,0.06238811,0.23080848,0.3052454,-0.36336806,0.17365141,0.24730234,-0.010845464,-0.21428484,-0.10368975,-0.061228015,-0.8751287,0.03984294,0.18906708,-0.75943005,-0.07742248,0.36409587,-0.3855978,-0.21699263,0.10989772,-0.07289975,-0.111044034,0.0665821,0.5848908,-0.502175,0.1851355,0.34621453,0.29020342,-0.18950145,0.6841725,0.079605885,-0.25877544,0.055990074,0.10275591,-0.1368808,0.029466433,0.27892187,0.011414053,-0.02712555,-0.14825197,0.18674538,-0.91514736,-0.35340053,0.18815137,0.25645658,0.42736855,0.04935319,-0.02523826,-0.06805664,0.1146556,0.0026183748,0.04906241,-0.027470844,-0.026926043,0.31820792,-0.1684702,-0.04864426,0.5137731,-0.028491676
104,0.024424337,0.16104774,-0.09552841,-0.9560882,-0.008259676,-0.22833866,0.06054992,0.23632714,0.29385385,-0.35842058,0.17820103,0.24441311,-0.016172187,-0.18916476,-0.10930524,-0.06508222,-0.8728556,0.03788735,0.18419349,-0.7508595,-0.07220114,0.35667267,-0.38200834,-0.22807707,0.1078434,-0.0700511,-0.121104725,0.065160505,0.5721804,-0.49507174,0.1795474,0.33816445,0.28162256,-0.17717376,0.69620854,0.073990315,-0.2587528,0.056736205,0.09912938,-0.13339971,0.033784986,0.2752425,0.0017551585,-0.027007215,-0.15223219,0.1847283,-0.9199637,-0.34348774,0.19241033,0.2525184,0.43842697,0.0484593,-0.022195155,-0.06605398,0.120384715,0.0007614504,0.05048316,-0.040418956,-0.027289554,0.31261992,-0.16194381,-0.04985582,0.49787036,-0.027864045
105,0.029417567,0.16553654,-0.10259206,-0.9606883,-0.016360957,-0.23357593,0.06583281,0.22453538,0.30419198,-0.35701105,0.17929496,0.24592367,-0.015991352,-0.19278164,-0.105957516,-0.060429003,-0.8763148,0.040147122,0.187612,-0.75769365,-0.077946894,0.36671132,-0.37587228,-0.21659724,0.11017411,-0.0722138,-0.11259137,0.063982084,0.5816636,-0.50380456,0.17833799,0.3414466,0.27865764,-0.18074253,0.681646,0.08125556,-0.2590103,0.05717161,0.09733526,-0.14007887,0.029603427,0.26676196,0.010838523,-0.019796174,-0.14533783,0.17707306,-0.9173303,-0.35467306,0.17906177,0.26126376,0.42807078,0.04677792,-0.024186473,-0.07175804,0.11424674,0.0031805644,0.04919612,-0.031119086,-0.021388955,0.32274094,-0.16796589,-0.047466494,0.5140244,-0.02063677
106,0.02626253,0.16626537,-0.10056014,-0.9559077,-0.010660587,-0.25475758,0.06717385,0.24273445,0.29551896,-0.37543672,0.17988566,0.24869698,-0.009840944,-0.20219247,-0.10171419,-0.0619501,-0.87686414,0.040694047,0.19273627,-0.7677652,-0.07639642,0.36528715,-0.39746165,-0.22627376,0.113439314,-0.068973824,-0.11328378,0.0723146,0.5990063,-0.50268424,0.1946281,0.32919735,0.29329923,-0.18609045,0.6824171,0.082139336,-0.26241475,0.055031847,0.10463615,-0.13433683,0.03356016,0.27624264,0.0027993314,-0.030000422,-0.15163879,0.19397254,-0.9167187,-0.35065594,0.19378844,0.25559768,0.4365669,0.050686397,-0.023478346,-0.07056234,0.12160503,-3.881062e-06,0.0479795,-0.02338318,-0.02998649,0.32294285,-0.16676155,-0.048324242,0.5140324,-0.029912483
107,0.034311723,0.16746345,-0.09771332,-0.956683,-0.008114191,-0.23724955,0.058487944,0.23664899,0.29753932,-0.356243,0.17597027,0.2471465,-0.013760341,-0.20069154,-0.10870181,-0.065537706,-0.86982447,0.040631387,0.18817696,-0.756632,-0.070371956,0.355042,-0.38054234,-0.21613978,0.104502924,-0.07240136,-0.11529788,0.07385049,0.5696081,-0.4936896,0.18397032,0.34566617,0.2821779,-0.17306086,0.6968109,0.071363375,-0.25675648,0.05665597,0.09881436,-0.13098294,0.030118464,0.27032542,0.0017440396,-0.032522667,-0.16090414,0.1799263,-0.92090213,-0.35047185,0.19033946,0.24971737,0.4271364,0.050853543,-0.022836333,-0.06943314,0.119251385,0.00068184873,0.057493232,-0.03687977,-0.030105855,0.31943396,-0.16745707,-0.048416622,0.49708888,-0.030108588
108,0.031294428,0.15719269,-0.094194666,-0.9598813,-0.009788224,-0.23942485,0.058513075,0.22030006,0.30593485,-0.33789876,0.16441023,0.2445232,-0.012178126,-0.18375333,-0.09374118,-0.060690854,-0.88089406,0.039041463,0.18291742,-0.7443824,-0.07507069,0.36413726,-0.37693024,-0.21670498,0.102637485,-0.074641615,-0.11073322,0.07234606,0.55788624,-0.5041423,0.17115453,0.34486046,0.27067122,-0.16938871,0.69321656,0.07434453,-0.26000938,0.060192876,0.09227629,-0.1321714,0.028772796,0.2669279,0.0014695912,-0.02229947,-0.1576466,0.17025264,-0.9152891,-0.34605116,0.17622846,0.24595731,0.4214563,0.04621571,-0.020198649,-0.068513155,0.11360978,0.0036030258,0.048482127,-0.032545593,-0.028025594,0.31970114,-0.15974969,-0.048985153,0.5046376,-0.023008917
109,0.027896661,0.1630745,-0.0992575,-0.9608236,-0.01225763,-0.22961208,0.06375605,0.22901125,0.29651782,-0.3660651,0.17583054,0.24954775,-0.017565675,-0.2073341,-0.109858654,-0.060085498,-0.8732778,0.038565174,0.18534608,-0.7567497,-0.08228105,0.37292588,-0.37950015,-0.2224507,0.10984642,-0.072396256,-0.11442683,0.0643855,0.59204817,-0.5027875,0.1828144,0.3338235,0.28610238,-0.1911111,0.679376,0.08324151,-0.26284903,0.055485986,0.10689165,-0.13600752,0.03425303,0.28309593,0.0078075277,-0.027701436,-0.1430859,0.18757997,-0.9167915,-0.35221586,0.19192575,0.25397623,0.44284192,0.048082385,-0.026849754,-0.06790617,0.119747095,0.0013759285,0.044803143,-0.027128898,-0.027716614,0.31999585,-0.16585144,-0.04874288,0.5088337,-0.02143858
110,0.03236457,0.15901142,-0.096019804,-0.9578481,-0.0102545135,-0.23943052,0.05600443,0.23180388,0.30261955,-0.34715536,0.1683481,0.24410316,-0.008990937,-0.19156127,-0.096818194,-0.06366255,-0.8780975,0.040215842,0.18855372,-0.7546268,-0.07399544,0.35551113,-0.3766847,-0.21645235,0.104047954,-0.071897395,-0.11239546,0.07562897,0.56042445,-0.49466962,0.17677572,0.34350565,0.27401906,-0.16847788,0.6971473,0.07472423,-0.261449,0.05942604,0.091661125,-0.13120103,0.029042419,0.2643351,-0.0008862745,-0.027723141,-0.163434,0.17645264,-0.9186259,-0.34653968,0.18271364,0.2442827,0.4286403,0.048867177,-0.019726865,-0.06843044,0.117653206,0.002554847,0.055478994,-0.03126107,-0.032114662,0.31602547,-0.1597415,-0.04694425,0.5023635,-0.026911423
111,0.03410821,0.16446592,-0.10063475,-0.9566307,-0.010045398,-0.23702905,0.058147136,0.23009631,0.29942277,-0.3577948,0.17047189,0.24428496,-0.014242313,-0.209364,-0.10712823,-0.06563898,-0.87552196,0.039941855,0.19063307,-0.7580363,-0.07329691,0.35372475,-0.37448812,-0.21547316,0.104479946,-0.071868666,-0.11269134,0.0735914,0.5613304,-0.49281666,0.17971359,0.33979303,0.27834725,-0.17524135,0.6953838,0.07060896,-0.2622277,0.059161864,0.098126195,-0.13380145,0.029534442,0.2739321,-4.3496457e-05,-0.032782797,-0.16178206,0.17824581,-0.92015344,-0.3490315,0.18529977,0.25299782,0.4271688,0.04975376,-0.023297671,-0.07028403,0.12189345,0.0016792242,0.05848053,-0.03301781,-0.0314179,0.31553224,-0.16304547,-0.048296634,0.4992218,-0.027715618
112,0.02789338,0.16251828,-0.10150583,-0.9607326,-0.014237185,-0.24384896,0.06663141,0.22451247,0.3027312,-0.35908297,0.17403482,0.24645488,-0.015325813,-0.20382272,-0.09963852,-0.058676362,-0.877335,0.04007084,0.18788879,-0.7587409,-0.08100015,0.37126496,-0.3807792,-0.21882854,0.11144755,-0.07135774,-0.109389976,0.07019375,0.58416957,-0.5013862,0.18134752,0.3321373,0.27835777,-0.1842301,0.6793034,0.08312429,-0.26163042,0.056953344,0.101274975,-0.13639277,0.031050857,0.27111247,0.005261192,-0.023838539,-0.14814828,0.17848475,-0.9145477,-0.34883052,0.18001409,0.25572154,0.42885867,0.046823673,-0.023744686,-0.07124191,0.11843338,0.0025820597,0.044684894,-0.024536109,-0.02572862,0.32396376,-0.16450539,-0.048476964,0.51309407,-0.019665832
113,0.029939147,0.16891672,-0.1049717,-0.95650065,-0.014697893,-0.23586346,0.06429607,0.23348716,0.29397348,-0.36888772,0.17912658,0.25169367,-0.016488511,-0.20385118,-0.10190424,-0.061438546,-0.8743555,0.041612245,0.19077036,-0.76602536,-0.07791858,0.3683405,-0.3809775,-0.22008578,0.11085104,-0.06947727,-0.112369604,0.07235389,0.59395915,-0.5064474,0.18406136,0.3321652,0.2821027,-0.17826916,0.6815983,0.08126307,-0.26144582,0.05819571,0.10438034,-0.13588567,0.03147272,0.27259797,0.0026325004,-0.029014036,-0.14856118,0.18185033,-0.9185812,-0.35587785,0.18755236,0.2562666,0.43483093,0.04926057,-0.02293429,-0.07080947,0.1223289,-0.0005143307,0.052267484,-0.027434723,-0.028277092,0.32979584,-0.1682621,-0.047714908,0.51257414,-0.021663541
114,0.03231666,0.16304359,-0.104381256,-0.96161675,-0.014730679,-0.23879333,0.05897676,0.22184776,0.30796835,-0.35785916,0.166979,0.24172157,-0.016991002,-0.21780819,-0.10979261,-0.062708504,-0.8806145,0.040110026,0.19154578,-0.76457286,-0.07966646,0.35971478,-0.36600208,-0.20724684,0.108096264,-0.07353144,-0.10673548,0.07107292,0.5694156,-0.49045226,0.17783183,0.33934686,0.27518052,-0.17719036,0.6800594,0.07917529,-0.2654196,0.058640126,0.100560695,-0.1386733,0.028140226,0.26757196,0.008414446,-0.028742054,-0.15238284,0.17606454,-0.9211536,-0.34672448,0.17967474,0.256583,0.4297856,0.04709135,-0.025684454,-0.06972281,0.11593238,0.0031007575,0.05360397,-0.026215844,-0.027539752,0.30806664,-0.16355895,-0.047258183,0.50855416,-0.024761159
115,0.035255417,0.16964096,-0.0955829,-0.95771706,-0.007678316,-0.24254356,0.059142765,0.23437653,0.30202705,-0.35798162,0.17525195,0.24802908,-0.012423672,-0.20621274,-0.10654188,-0.0653391,-0.8720549,0.04047524,0.18745156,-0.75790894,-0.06997483,0.35834023,-0.38180134,-0.21622849,0.10601936,-0.07360214,-0.11311228,0.074759714,0.57129174,-0.49921945,0.1851442,0.3452092,0.2831841,-0.17679404,0.6980008,0.07059738,-0.25699273,0.05791393,0.10052968,-0.13215926,0.030083897,0.27375367,0.0025819966,-0.03240398,-0.1583046,0.18343267,-0.9190558,-0.3497963,0.18798347,0.25291097,0.4242696,0.051282756,-0.024563126,-0.068983465,0.11834285,-0.00053640833,0.052744836,-0.033357024,-0.02982333,0.31957206,-0.165623,-0.048802845,0.49982843,-0.030047255
116,0.032347284,0.16792053,-0.09773239,-0.9595474,-0.009668692,-0.2596594,0.06499264,0.24068476,0.2998144,-0.3722262,0.17263764,0.25425306,-0.009741731,-0.21789607,-0.09680345,-0.061332256,-0.8733654,0.04120361,0.18921341,-0.76652926,-0.07871749,0.37350762,-0.39952892,-0.21861288,0.11450113,-0.072302975,-0.11067958,0.0759701,0.60664004,-0.5045798,0.19686477,0.3334118,0.29512155,-0.19209482,0.6831292,0.08254459,-0.2590801,0.052693106,0.10755674,-0.13236892,0.03422442,0.27917773,0.0040256423,-0.03317138,-0.1495152,0.19517098,-0.91513586,-0.35114035,0.19756661,0.24936411,0.42945278,0.051915273,-0.025522707,-0.068404034,0.120685495,-8.958456e-05,0.04729446,-0.019071866,-0.033103403,0.32275775,-0.16877128,-0.046889327,0.5139718,-0.029352995
117,0.034354616,0.17313923,-0.09572088,-0.9553465,-0.0076220245,-0.23998417,0.06274398,0.23763926,0.28871346,-0.39437273,0.17959727,0.24397825,-0.015288162,-0.21455184,-0.0940408,-0.06502208,-0.8821363,0.038196016,0.19577809,-0.7636362,-0.07244193,0.36151537,-0.39512607,-0.23893839,0.102303326,-0.07238318,-0.11800413,0.07477803,0.5849156,-0.5050154,0.18744773,0.33555254,0.29868525,-0.192893,0.6852179,0.06510984,-0.27259386,0.06415722,0.11601378,-0.13595688,0.036777414,0.29968125,0.0062836814,-0.04040715,-0.15733032,0.1910107,-0.9165153,-0.3634643,0.19603892,0.2740286,0.44129524,0.052976195,-0.026765032,-0.066031836,0.12292894,-0.003186084,0.051913865,-0.03465827,-0.032756634,0.32255232,-0.16679695,-0.052154873,0.50868237,-0.028818103
118,0.03473441,0.16612421,-0.097165816,-0.95997393,-0.0105475215,-0.25709847,0.061237838,0.23026805,0.30322602,-0.3689303,0.17009142,0.24559875,-0.0121012945,-0.21653444,-0.10069844,-0.062494226,-0.8807007,0.03965647,0.19127518,-0.76243526,-0.07757134,0.3658081,-0.38716653,-0.21872276,0.111101754,-0.072261766,-0.11106881,0.06957789,0.58588004,-0.5041092,0.18561034,0.34054393,0.2905862,-0.19058286,0.6815031,0.07738608,-0.2633547,0.058613192,0.10659456,-0.13950397,0.029440815,0.28257534,0.008628406,-0.028525116,-0.14640473,0.190341,-0.91527325,-0.34800103,0.18833625,0.25696582,0.42711765,0.049324475,-0.024993064,-0.06555023,0.11680779,0.0015769298,0.04715293,-0.024075363,-0.029969301,0.31604302,-0.16773766,-0.05006932,0.5133681,-0.02940933
119,0.024814617,0.16355397,-0.10226354,-0.9556599,-0.011992483,-0.23833418,0.06578385,0.23705937,0.29235357,-0.37772757,0.17621745,0.24632765,-0.015224947,-0.20147747,-0.10417941,-0.06259646,-0.87770516,0.03799567,0.18915525,-0.7571558,-0.08053789,0.36581084,-0.39115018,-0.2316061,0.111840054,-0.06913344,-0.11870429,0.06102569,0.59505415,-0.5059508,0.1849793,0.33094695,0.2939827,-0.19059393,0.6764554,0.0792099,-0.26556802,0.056214634,0.10729249,-0.13888173,0.034205105,0.28849795,0.004938792,-0.027202869,-0.14150043,0.19506118,-0.9162563,-0.34975743,0.19699179,0.26212078,0.4430968,0.048533875,-0.024760602,-0.06642334,0.121849,0.0007843677,0.046327688,-0.029506303,-0.029367294,0.31788477,-0.16826093,-0.050000623,0.5129691,-0.027632494
120,0.024637772,0.16479096,-0.097109415,-0.9614398,-0.01058613,-0.24278088,0.06813792,0.23058869,0.3001435,-0.36678493,0.1750954,0.25104952,-0.017884865,-0.20505796,-0.09715057,-0.05881879,-0.87396234,0.039468113,0.18437368,-0.7582255,-0.081835225,0.37869486,-0.38843697,-0.22622299,0.11183889,-0.073171236,-0.11205787,0.071906544,0.6001301,-0.5021773,0.18880597,0.33050638,0.2846569,-0.18994476,0.6766371,0.08383987,-0.2625838,0.054984126,0.10849092,-0.13374783,0.036395524,0.27796715,0.0050506988,-0.0283577,-0.14365822,0.18632844,-0.9155539,-0.34903413,0.19109473,0.25353488,0.44073328,0.048334196,-0.026288252,-0.06862771,0.118866935,-0.0002732194,0.038626622,-0.023766188,-0.028656445,0.32215884,-0.16636156,-0.049015492,0.50985277,-0.021961851
121,0.027660267,0.16556676,-0.09917193,-0.95802605,-0.011051752,-0.22673298,0.059045497,0.23736303,0.2929057,-0.3722559,0.17998196,0.24803486,-0.017136427,-0.20396772,-0.112156756,-0.06339627,-0.8713036,0.039319858,0.1883103,-0.76334995,-0.0799599,0.3643426,-0.37643337,-0.22161795,0.108886644,-0.069481134,-0.11713412,0.06822807,0.58896554,-0.49552888,0.18552865,0.33334732,0.2870017,-0.18424954,0.6849773,0.081400424,-0.264866,0.056418344,0.1093852,-0.13491617,0.03356429,0.28201196,0.004190475,-0.03268171,-0.14959726,0.18865117,-0.9205561,-0.35272396,0.1967483,0.25310358,0.4480353,0.049824204,-0.02572826,-0.06696838,0.12329786,-0.00025042368,0.052301697,-0.02926649,-0.03190819,0.31827062,-0.16511537,-0.04690651,0.5043049,-0.025449816
122,0.026521515,0.15797964,-0.087150626,-0.9602245,-0.0075145103,-0.22734445,0.059405025,0.23484547,0.29472172,-0.35903108,0.18028355,0.24144177,-0.008972358,-0.18585631,-0.09970438,-0.061074775,-0.87579966,0.03755669,0.1860581,-0.7497906,-0.07395594,0.36367917,-0.38117695,-0.22955348,0.101514705,-0.07150155,-0.11828301,0.06917157,0.5673828,-0.49437758,0.1797308,0.3445943,0.2802498,-0.18334961,0.70175624,0.07666167,-0.2631201,0.06073041,0.09795305,-0.13193044,0.03457143,0.276928,0.0037127868,-0.026087536,-0.15884838,0.17969382,-0.9146448,-0.35282847,0.18784854,0.24690415,0.4453426,0.049363647,-0.022275988,-0.065867394,0.11895674,0.00093531085,0.050209843,-0.03552043,-0.029836316,0.31950763,-0.15920344,-0.048148755,0.500196,-0.023893462
123,0.03345097,0.16834693,-0.10088165,-0.9551829,-0.0082269525,-0.23990516,0.06013248,0.23336352,0.29658315,-0.3705197,0.17148627,0.2512317,-0.014443495,-0.22415087,-0.108598135,-0.06474242,-0.87006044,0.04038208,0.18945876,-0.7623972,-0.0705859,0.35569707,-0.3875581,-0.22302708,0.1048025,-0.074686214,-0.1153028,0.073870815,0.57714784,-0.50197273,0.1840122,0.34194425,0.28817773,-0.18544902,0.69502276,0.07414449,-0.25488138,0.056170713,0.10691626,-0.12848505,0.031298075,0.28484225,0.006426564,-0.042109296,-0.15385027,0.18197033,-0.9189913,-0.3562001,0.19383748,0.2586927,0.42777708,0.051527295,-0.023945574,-0.06523584,0.1200737,0.0001853953,0.049562518,-0.03370578,-0.028652973,0.31885582,-0.16802824,-0.04974525,0.5030972,-0.029670568
124,0.0333076,0.15930143,-0.09212071,-0.96060634,-0.0093434425,-0.24771908,0.05708578,0.22495213,0.30374196,-0.35082477,0.16611175,0.24106142,-0.0098246625,-0.1958478,-0.09268682,-0.06263954,-0.8843938,0.039541073,0.1887178,-0.75481737,-0.073150106,0.36095616,-0.37764728,-0.2180462,0.103507936,-0.07404511,-0.111212246,0.077877976,0.5585179,-0.4978094,0.17429052,0.34400767,0.2722541,-0.17327467,0.6966923,0.07279502,-0.26423126,0.06343475,0.09661193,-0.13378838,0.029335564,0.2681369,0.0012612476,-0.02603451,-0.15816127,0.17394572,-0.9162774,-0.3429392,0.17846563,0.24648304,0.4254548,0.04788964,-0.020743705,-0.06505771,0.11649494,0.0017167135,0.05152673,-0.030115187,-0.03131709,0.31493682,-0.15915368,-0.049005684,0.50307566,-0.024557723
125,0.035449453,0.16979052,-0.09868917,-0.9581437,-0.008678876,-0.24129686,0.059955813,0.23155543,0.29983604,-0.3619007,0.17289914,0.2462298,-0.0145756565,-0.20966443,-0.10720353,-0.0652395,-0.8770273,0.040299647,0.19051948,-0.76022,-0.07151434,0.35967872,-0.37967187,-0.21545674,0.10465464,-0.074030116,-0.11060783,0.07601319,0.5723287,-0.49999812,0.18427546,0.34226945,0.28401697,-0.17666297,0.69108796,0.068962745,-0.2632833,0.05995395,0.103088066,-0.1338792,0.030102624,0.27607405,0.0024882918,-0.03355457,-0.1597532,0.18173964,-0.9197979,-0.35216892,0.18743478,0.2559947,0.42671356,0.05084934,-0.025183048,-0.070372015,0.11917089,-0.00013053426,0.05599574,-0.03162813,-0.031218134,0.3188423,-0.16543028,-0.049097463,0.5014865,-0.029156389
126,0.029300854,0.15731587,-0.104981005,-0.954331,-0.010366383,-0.25673255,0.062612474,0.2315454,0.29942277,-0.3712516,0.15822501,0.24653435,-0.0074631195,-0.2251698,-0.10284133,-0.06231204,-0.88365954,0.039143253,0.19606842,-0.76254004,-0.08155359,0.36114067,-0.39479235,-0.22475094,0.11146325,-0.07633151,-0.11349474,0.064099126,0.5790155,-0.5091154,0.18541862,0.33953807,0.30061263,-0.19657552,0.6732468,0.08087433,-0.26462469,0.057294033,0.10401049,-0.13821045,0.029875748,0.28945142,0.010620851,-0.030996785,-0.1465044,0.1939122,-0.915559,-0.35168585,0.19051231,0.26031387,0.4350251,0.048047937,-0.025276434,-0.06684761,0.11895997,0.0055805556,0.047181856,-0.023642877,-0.028714668,0.31020898,-0.16753472,-0.05089995,0.5227567,-0.03433642
127,0.038240522,0.1713501,-0.09343067,-0.9577315,-0.0064099473,-0.24767779,0.05906009,0.24119383,0.30048898,-0.36644685,0.17973404,0.25017107,-0.009134502,-0.21007961,-0.09860482,-0.06411573,-0.867104,0.040439934,0.1883429,-0.7590987,-0.0703903,0.36065573,-0.3914532,-0.22201045,0.108520195,-0.07152139,-0.11444427,0.07258224,0.5805584,-0.50465655,0.19184996,0.3482907,0.29634848,-0.19091736,0.6961516,0.073491514,-0.25564143,0.05572919,0.101744525,-0.13286832,0.030638885,0.28599125,0.0065326374,-0.03498986,-0.15761127,0.19436869,-0.9151033,-0.3553751,0.19351569,0.2534073,0.4261519,0.053750277,-0.024364723,-0.06786805,0.118798986,-0.00035214456,0.05022479,-0.029586282,-0.03065176,0.32389373,-0.16879536,-0.048615374,0.5039059,-0.032878194
128,0.026811568,0.16502906,-0.09957528,-0.95679075,-0.010150584,-0.2311776,0.063875414,0.23907858,0.29026565,-0.38163525,0.18062757,0.24731062,-0.014892072,-0.20565885,-0.10966531,-0.062957026,-0.8763157,0.03785927,0.19118033,-0.7604056,-0.08045723,0.36601532,-0.38892755,-0.23156972,0.10879842,-0.06963341,-0.11690291,0.062055502,0.5960465,-0.50301194,0.18946908,0.33320865,0.29798344,-0.19303542,0.67983043,0.078805976,-0.26896685,0.05745092,0.11061086,-0.13736214,0.035845965,0.29274878,0.005540035,-0.03168502,-0.14915837,0.19634241,-0.917394,-0.3589522,0.20046389,0.2607834,0.4495233,0.050774917,-0.02712665,-0.06923348,0.123214714,-7.450974e-05,0.051908623,-0.028800303,-0.03144194,0.31973797,-0.16580085,-0.0489901,0.51111513,-0.028246794
129,0.033152323,0.1597619,-0.09114463,-0.96088594,-0.008979458,-0.24426469,0.057408452,0.23130037,0.30460516,-0.34942114,0.169127,0.24246936,-0.0073846625,-0.19509877,-0.09285133,-0.061512996,-0.8777889,0.040045366,0.18761243,-0.75436634,-0.07351656,0.36001214,-0.37971538,-0.21677148,0.102534935,-0.07266129,-0.11005098,0.077943094,0.5632021,-0.49345076,0.17870604,0.34681508,0.27517954,-0.17410488,0.6981674,0.0754049,-0.2611,0.059720937,0.09432372,-0.13000858,0.02973646,0.26667732,0.0015587611,-0.027787155,-0.1637697,0.17420039,-0.91535425,-0.3484548,0.18159324,0.24375199,0.42859605,0.049131148,-0.020162605,-0.067729615,0.115723856,0.0024586078,0.05299229,-0.029927762,-0.03186183,0.31778803,-0.16096461,-0.04694999,0.50339943,-0.025985084
130,0.032978028,0.15882203,-0.094827354,-0.95986545,-0.010666098,-0.24005006,0.057561662,0.23108578,0.30408126,-0.3466587,0.16816041,0.24375395,-0.0076125558,-0.19577563,-0.09602476,-0.06218188,-0.8772638,0.04002653,0.18737175,-0.7528293,-0.074585065,0.35822496,-0.3775633,-0.21556406,0.10411376,-0.07241636,-0.11214821,0.07388099,0.56270826,-0.4955653,0.17682552,0.34597257,0.27555564,-0.17364427,0.6964796,0.07597578,-0.2588337,0.058182396,0.09158928,-0.1318274,0.02869635,0.26586416,0.0023416327,-0.025802486,-0.16059686,0.17652455,-0.9165562,-0.34768856,0.1822433,0.2446075,0.42699918,0.04846632,-0.019871004,-0.067641206,0.11606225,0.0034542775,0.053446624,-0.030666383,-0.030818414,0.31625825,-0.16165394,-0.0469146,0.5039973,-0.026356742
131,0.031890806,0.16713274,-0.1020585,-0.95496905,-0.0085646985,-0.23875433,0.06089516,0.22777286,0.29731792,-0.35308212,0.16957723,0.25215223,-0.017585965,-0.19998775,-0.1067288,-0.06424331,-0.87320006,0.040319107,0.18320738,-0.7525686,-0.07200225,0.36464742,-0.38314992,-0.21717171,0.10721216,-0.07483759,-0.11284887,0.07288432,0.57454425,-0.50988597,0.17978112,0.33858976,0.28025174,-0.17287144,0.69128627,0.07118802,-0.25683355,0.05725156,0.10159515,-0.13117574,0.030803546,0.27506915,-0.00081570895,-0.031164942,-0.15335229,0.18040843,-0.91968954,-0.34688446,0.18739186,0.25363913,0.42111608,0.049233623,-0.023689505,-0.06980029,0.120480135,0.00025902383,0.050472025,-0.03419853,-0.028281542,0.3232785,-0.16617915,-0.05040199,0.501102,-0.025893906
132,0.035636332,0.17139089,-0.09635719,-0.96011347,-0.008360248,-0.24158646,0.0561982,0.23236501,0.30249065,-0.35617945,0.17362164,0.24703391,-0.01581667,-0.21164474,-0.10818499,-0.06510241,-0.87182444,0.04168438,0.18784735,-0.76470834,-0.07061269,0.3599379,-0.37060553,-0.20750783,0.10580463,-0.0734875,-0.109795205,0.08212815,0.56972826,-0.49117872,0.18512765,0.34090775,0.2757493,-0.17187418,0.6971371,0.072175644,-0.2594507,0.05814374,0.10328672,-0.13136773,0.029187227,0.26726055,0.0009143842,-0.035462707,-0.16070057,0.17899019,-0.9217223,-0.34528324,0.18577287,0.24707682,0.4250069,0.050957397,-0.024594806,-0.06833489,0.119914144,-0.0017667077,0.05369644,-0.028986713,-0.032526497,0.31685773,-0.16430585,-0.047397245,0.49331674,-0.027679078
133,0.030268263,0.16585265,-0.092358485,-0.9608038,-0.010908386,-0.23364195,0.06159525,0.22963005,0.29814392,-0.3528935,0.17909397,0.24498235,-0.011389818,-0.18526846,-0.08973204,-0.05949275,-0.87742,0.04117497,0.18624897,-0.75618154,-0.07159662,0.36885577,-0.3758061,-0.21944132,0.10160028,-0.072088085,-0.11054619,0.08109504,0.571306,-0.501941,0.17819248,0.34252116,0.270842,-0.17052087,0.69674414,0.07546169,-0.2604808,0.06247085,0.09723363,-0.13049439,0.03030107,0.26315397,0.0012472196,-0.026002161,-0.1600739,0.16913952,-0.9153882,-0.35444206,0.17780806,0.24872757,0.42937595,0.048906516,-0.020254336,-0.06970115,0.11744595,-0.00014025021,0.04987387,-0.03160459,-0.029460289,0.3318021,-0.1621685,-0.047761597,0.5023647,-0.01934845
134,0.032570448,0.16143833,-0.09437616,-0.9593912,-0.009296406,-0.24750514,0.057592947,0.2352824,0.30326915,-0.35295558,0.1683438,0.24582052,-0.006960835,-0.20299688,-0.09461561,-0.06286729,-0.8776235,0.040608857,0.18918367,-0.7584722,-0.074012145,0.3609202,-0.38180232,-0.21567234,0.10595014,-0.07183078,-0.110268824,0.078731455,0.57041305,-0.49663198,0.18255347,0.3411728,0.27832216,-0.17509414,0.6963933,0.07579702,-0.2608611,0.058624875,0.094883665,-0.13127449,0.029881373,0.26816314,-0.00015848949,-0.02952266,-0.16171779,0.18211421,-0.9168013,-0.34661102,0.18507469,0.24342445,0.4285216,0.050238345,-0.020874683,-0.06782554,0.11856145,0.0011723929,0.051726326,-0.025769016,-0.033685613,0.3177086,-0.16111599,-0.04692145,0.50432605,-0.02774697
135,0.036165845,0.16283542,-0.09153703,-0.9563483,-0.0060815853,-0.24615876,0.061259583,0.23830852,0.30007735,-0.36021036,0.17628449,0.2472814,-0.0066162837,-0.19862069,-0.098975405,-0.06359242,-0.8713709,0.03832576,0.18683292,-0.7491394,-0.06984271,0.35735118,-0.40054965,-0.22993824,0.10852543,-0.07236444,-0.119422376,0.06196911,0.5721774,-0.50983775,0.18434699,0.35457253,0.29984206,-0.19560276,0.6997149,0.07377848,-0.2518683,0.055977136,0.0963654,-0.13474995,0.030116849,0.28890347,0.010668468,-0.027360365,-0.15258957,0.19458142,-0.9127973,-0.3530554,0.19323875,0.25623372,0.42262492,0.051169194,-0.022269264,-0.06534533,0.11638317,0.0035604802,0.04968038,-0.036746845,-0.025240647,0.3182181,-0.1664743,-0.050600037,0.50835013,-0.034337725
136,0.039052207,0.16908784,-0.097919635,-0.9595675,-0.010041498,-0.23406449,0.056425933,0.23054396,0.301796,-0.3573746,0.1764515,0.24733707,-0.013547859,-0.21346821,-0.103684925,-0.063386954,-0.8659616,0.040923454,0.18614437,-0.7584269,-0.0718588,0.35744756,-0.3724905,-0.21337642,0.1073563,-0.07229663,-0.11401621,0.07266508,0.5636457,-0.4965355,0.18106171,0.34834865,0.2822206,-0.18568267,0.69894224,0.07556949,-0.2535576,0.056441784,0.098705485,-0.13371083,0.027686145,0.2777364,0.0070768115,-0.03303594,-0.15571356,0.18302445,-0.9178827,-0.35003066,0.18606088,0.25244373,0.42209092,0.05100536,-0.023949068,-0.06686539,0.12019073,0.0012003696,0.05194242,-0.03191409,-0.02843936,0.31884053,-0.16680557,-0.048107386,0.4964551,-0.026488159
137,0.035581294,0.17945477,-0.09653841,-0.95351744,-0.007441027,-0.2514158,0.0637842,0.24651065,0.28747445,-0.39618924,0.18587878,0.24641973,-0.009279066,-0.21343741,-0.09257795,-0.06500688,-0.88032544,0.040876143,0.1993617,-0.77244747,-0.0694877,0.35861742,-0.4010729,-0.23469175,0.10458276,-0.069001734,-0.11438339,0.08337402,0.5935843,-0.507464,0.19776271,0.33035618,0.3040339,-0.1896793,0.68885297,0.06773943,-0.27190983,0.062335256,0.1164595,-0.13239412,0.0353462,0.29527855,0.002597175,-0.044285163,-0.16718164,0.19375233,-0.9152218,-0.36825746,0.19565868,0.27110046,0.43530273,0.05611595,-0.023796527,-0.071114644,0.12472351,-0.0034369917,0.05457049,-0.028069304,-0.035594333,0.33319467,-0.16795859,-0.049171913,0.5125567,-0.031968568
138,0.026486361,0.16437548,-0.10079648,-0.9591984,-0.013065992,-0.23063944,0.0621296,0.23669064,0.2960325,-0.37068897,0.17912376,0.24581628,-0.015259424,-0.20780669,-0.10451533,-0.061169814,-0.86977124,0.039349433,0.18711118,-0.76004523,-0.08102205,0.36429092,-0.37687916,-0.22144301,0.11012654,-0.06786823,-0.11511678,0.06772913,0.58808154,-0.49177825,0.18509908,0.33132046,0.2846279,-0.18690121,0.6826434,0.08334537,-0.26202172,0.054199565,0.10442074,-0.13524626,0.033041377,0.27925014,0.0044782925,-0.029460656,-0.14822732,0.18729419,-0.91726,-0.3493375,0.19384013,0.2533826,0.44427964,0.049080655,-0.024952276,-0.0680836,0.12273329,0.00065744156,0.047072276,-0.026992278,-0.030959403,0.31830716,-0.16662948,-0.047102463,0.50558513,-0.024199918
139,0.032279298,0.16318338,-0.09593155,-0.9603908,-0.010064019,-0.25474504,0.06149174,0.23164803,0.30403093,-0.36316237,0.16898541,0.24820639,-0.010590016,-0.21456544,-0.10038297,-0.061039295,-0.877829,0.040036775,0.18708691,-0.76198304,-0.076659925,0.37068027,-0.39040732,-0.21536078,0.11218237,-0.07321685,-0.11036287,0.07116231,0.5899727,-0.505254,0.18524903,0.34041512,0.28827593,-0.18993317,0.6874635,0.08153741,-0.25674477,0.0561419,0.10428151,-0.13476658,0.030672576,0.27781162,0.0080675185,-0.028381938,-0.1457282,0.18822284,-0.914711,-0.34576574,0.18919218,0.2509456,0.4246755,0.04945397,-0.025015831,-0.06539396,0.117433496,0.0014538757,0.046354365,-0.023644572,-0.028721113,0.31620866,-0.16499422,-0.048167974,0.51389706,-0.027060447
140,0.03438665,0.16701835,-0.10075366,-0.9577769,-0.011092627,-0.25037038,0.06130474,0.23756069,0.3013094,-0.36863703,0.17166471,0.25051683,-0.010983994,-0.21557955,-0.103451096,-0.06297969,-0.8743555,0.040663704,0.19097212,-0.76409197,-0.07859203,0.36339992,-0.38989493,-0.21823758,0.111736216,-0.071092956,-0.11102825,0.070464365,0.593094,-0.50319016,0.18980876,0.33856565,0.29351878,-0.18598112,0.68121064,0.0796918,-0.26143733,0.054715857,0.10492848,-0.13466439,0.030659692,0.28047076,0.0052719377,-0.03185841,-0.15157977,0.19263808,-0.91722023,-0.35323027,0.1939135,0.2546713,0.43138483,0.050827168,-0.024457287,-0.06897152,0.11869487,0.0016612962,0.05203709,-0.024387969,-0.031377327,0.31927964,-0.16841418,-0.04754841,0.5142468,-0.03077006
141,0.030992547,0.16607371,-0.093406744,-0.95768994,-0.007207084,-0.22671908,0.059040118,0.2353825,0.2922774,-0.37352666,0.18052639,0.24153677,-0.016716374,-0.19958147,-0.112523206,-0.06550229,-0.8768028,0.037445027,0.19161028,-0.75708216,-0.07445269,0.35678598,-0.3793957,-0.23029095,0.10250075,-0.07125694,-0.117397994,0.06852625,0.5708779,-0.49171188,0.18480584,0.33842745,0.28741366,-0.18263783,0.692978,0.06930052,-0.2722576,0.06134923,0.10719942,-0.13582928,0.035394736,0.28722307,0.001914941,-0.033283375,-0.1628252,0.18523754,-0.91913104,-0.3566551,0.19244665,0.2589518,0.44807395,0.05039947,-0.025053937,-0.06961235,0.12170693,-0.00026530397,0.058129106,-0.036578573,-0.03212721,0.31559306,-0.16188921,-0.04915298,0.49860305,-0.028733097
142,0.038663097,0.1697028,-0.096254446,-0.95961714,-0.009137972,-0.2357859,0.056550313,0.22984716,0.30307695,-0.3559841,0.17600632,0.24845092,-0.014572954,-0.20488776,-0.100980565,-0.06343933,-0.8674365,0.040979944,0.18449716,-0.7574651,-0.0711441,0.35996407,-0.37585536,-0.2136292,0.106099755,-0.07403601,-0.11367451,0.07454961,0.56672513,-0.49951246,0.18121871,0.35034373,0.28129196,-0.18125,0.6982859,0.0747457,-0.2537075,0.05673834,0.10016108,-0.13190882,0.028993081,0.27601126,0.006946366,-0.03284888,-0.15622155,0.17994028,-0.91803485,-0.35172498,0.18583442,0.2519378,0.42197305,0.050846115,-0.023638494,-0.066837996,0.11733768,0.00070306135,0.052526828,-0.03337961,-0.02764387,0.3199051,-0.16705063,-0.047290675,0.49781066,-0.02615854
143,0.034705177,0.17023483,-0.09350212,-0.95850265,-0.006257598,-0.24825111,0.05868601,0.24020943,0.30030763,-0.36145136,0.17751487,0.24695882,-0.011222115,-0.2052955,-0.10479964,-0.0652399,-0.8708713,0.040769383,0.18912219,-0.7611008,-0.06971662,0.358083,-0.38443968,-0.21620803,0.10592065,-0.07181063,-0.11229486,0.078442626,0.5766402,-0.49365443,0.19071063,0.34261802,0.28581586,-0.17714939,0.6971265,0.07146677,-0.25949004,0.056878336,0.10216218,-0.1306226,0.031073805,0.27313733,0.00083414896,-0.034957625,-0.16281778,0.18543358,-0.91879594,-0.34898496,0.19126496,0.24784699,0.428207,0.05244183,-0.02414814,-0.06935645,0.119212866,-0.0013318656,0.053612787,-0.030602057,-0.033129398,0.32008594,-0.16643676,-0.048068736,0.49789822,-0.03224025
144,0.032006092,0.16287565,-0.09989962,-0.9576955,-0.010938492,-0.25026524,0.059864603,0.23063399,0.30394644,-0.36081052,0.16720375,0.24839331,-0.012773636,-0.21087708,-0.105484635,-0.063361086,-0.87912536,0.040046737,0.18883765,-0.7627561,-0.07716424,0.36392245,-0.38588998,-0.21578719,0.11310746,-0.07245268,-0.111980654,0.068966776,0.58408904,-0.5051046,0.18232325,0.33918086,0.28695616,-0.18353955,0.6856178,0.07993261,-0.25922737,0.05696297,0.10311964,-0.13656428,0.029128497,0.27624255,0.006370718,-0.02808746,-0.14654852,0.18898132,-0.918203,-0.34433216,0.18871225,0.25406548,0.42544714,0.048752077,-0.024270095,-0.06590377,0.11824248,0.0018989153,0.049586426,-0.02601378,-0.02849776,0.3130328,-0.16358417,-0.048314482,0.51332265,-0.028832626
145,0.03543487,0.16595893,-0.10081035,-0.9609188,-0.012605117,-0.24353057,0.05766854,0.22879383,0.30368334,-0.3609876,0.1699372,0.24753736,-0.014925417,-0.22031273,-0.104793064,-0.06200796,-0.8745912,0.041233145,0.19032875,-0.76681083,-0.079036586,0.3648503,-0.37177148,-0.20889542,0.10936014,-0.0718415,-0.10750604,0.07501361,0.58021617,-0.49477896,0.1827337,0.33805186,0.27927545,-0.18068215,0.6845735,0.08141173,-0.26198202,0.05718725,0.10453453,-0.1353667,0.029189652,0.2731612,0.0052797827,-0.03179585,-0.15203567,0.18038501,-0.9191799,-0.34819344,0.18595731,0.24873172,0.43170834,0.049113758,-0.024135863,-0.067557454,0.11928607,0.0011063159,0.05240074,-0.023149684,-0.031178005,0.31613883,-0.1657899,-0.046937454,0.5080341,-0.024559515
146,0.026040928,0.16360214,-0.090287425,-0.95739037,-0.0060659517,-0.2330823,0.059919715,0.23698366,0.29672164,-0.36310032,0.18055914,0.2410831,-0.014779516,-0.18942676,-0.10610199,-0.06444846,-0.87489384,0.037624385,0.18571955,-0.7530251,-0.07061026,0.35623926,-0.38279903,-0.22970931,0.104716234,-0.070463926,-0.11841298,0.07043694,0.5691718,-0.4920531,0.1824228,0.33969942,0.28270924,-0.17716213,0.6975285,0.071359776,-0.26340193,0.05932881,0.10249549,-0.13228899,0.033924628,0.27806628,0.0015289064,-0.02917166,-0.15785328,0.18353286,-0.91799885,-0.34490794,0.1905028,0.25414696,0.4409854,0.049194887,-0.023058565,-0.066535115,0.119274914,-0.0007714921,0.049239114,-0.038784314,-0.029422056,0.31328225,-0.16045533,-0.0497136,0.49597287,-0.029475681
147,0.030443987,0.17157672,-0.10149613,-0.9578949,-0.0129190255,-0.24325761,0.06498912,0.23664622,0.29665458,-0.37267146,0.17971453,0.25251278,-0.013906512,-0.20766947,-0.09759121,-0.060948096,-0.8748436,0.041667145,0.19031313,-0.7673548,-0.0774273,0.3718664,-0.38635498,-0.22030172,0.110972084,-0.0693284,-0.110360466,0.07537705,0.6003577,-0.50907195,0.18952331,0.33124772,0.28708753,-0.18241234,0.6810723,0.08027908,-0.26151136,0.057537183,0.10669509,-0.13525727,0.03175503,0.27650526,0.0032100691,-0.030572923,-0.14965808,0.18729985,-0.9164733,-0.3577614,0.18877633,0.25739816,0.43319398,0.050623883,-0.023949493,-0.07092902,0.121076904,-0.00138867,0.04825599,-0.023076013,-0.030163968,0.33176008,-0.16817215,-0.04748289,0.51412857,-0.023951644
148,0.030281873,0.17133106,-0.10192841,-0.95967966,-0.014435164,-0.24235158,0.0656956,0.23490809,0.29511324,-0.37070224,0.18178497,0.2518343,-0.01457141,-0.20736842,-0.09934867,-0.060379926,-0.87431645,0.041608837,0.18972805,-0.7665312,-0.07773401,0.37345487,-0.38418177,-0.21846794,0.11267304,-0.06946599,-0.11107093,0.072839424,0.60165507,-0.50781524,0.1881549,0.3312355,0.28631473,-0.18458794,0.67952025,0.081790514,-0.26062867,0.056711797,0.1060567,-0.13673468,0.031846214,0.27386847,0.0059703602,-0.028458402,-0.14648059,0.18560049,-0.91631776,-0.35600865,0.18810107,0.25655597,0.43169606,0.049777973,-0.023810938,-0.07022788,0.12035265,5.3686123e-05,0.047947012,-0.023525277,-0.028726058,0.3316539,-0.16956595,-0.048046574,0.51424664,-0.022121781
149,0.026376363,0.16524017,-0.10042769,-0.9556146,-0.010780227,-0.22711347,0.06385204,0.2402116,0.28874677,-0.37786937,0.18307574,0.2508427,-0.0145621775,-0.20127162,-0.11327621,-0.063101366,-0.87085557,0.038281597,0.18790704,-0.75729614,-0.0787496,0.36650947,-0.39069048,-0.23090631,0.11032319,-0.06996518,-0.120776474,0.05849499,0.5969959,-0.50621086,0.18729518,0.3357027,0.29704672,-0.19279662,0.68502164,0.08077056,-0.2616318,0.05531061,0.10846439,-0.13617781,0.035540525,0.289578,0.006776912,-0.02981424,-0.1436979,0.19636069,-0.9179076,-0.35758248,0.20242977,0.25937206,0.44678122,0.050888777,-0.026868468,-0.06777299,0.12354632,0.0002888203,0.05030958,-0.032585297,-0.028382408,0.32239187,-0.16789344,-0.04918891,0.5100246,-0.026778499
150,0.032635055,0.16187552,-0.0985017,-0.9590614,-0.011009461,-0.24924739,0.060397577,0.22996086,0.30475637,-0.35897085,0.16761522,0.2475982,-0.011831046,-0.21161185,-0.1047723,-0.062485646,-0.8778885,0.039838143,0.1876939,-0.7602155,-0.076913506,0.36366433,-0.38565704,-0.21602908,0.112027705,-0.07268462,-0.1125737,0.0671275,0.5822186,-0.503971,0.18142928,0.3425485,0.28693452,-0.18564667,0.6867457,0.08051298,-0.2565648,0.05624262,0.101512626,-0.1365737,0.028734105,0.27591777,0.0087529905,-0.026580846,-0.14574602,0.18805046,-0.91739786,-0.3453143,0.18823357,0.2532834,0.4241565,0.048484173,-0.024032142,-0.06554071,0.11656496,0.002715306,0.048691403,-0.02753701,-0.02696657,0.31261194,-0.16471405,-0.04865429,0.51304185,-0.028679715
151,0.024056263,0.1627643,-0.10472473,-0.95773643,-0.013236849,-0.2316314,0.06470667,0.22852542,0.29784334,-0.36398453,0.17361021,0.2503809,-0.01922053,-0.20393518,-0.103944466,-0.06109106,-0.87343764,0.039376892,0.18508579,-0.7564438,-0.08206115,0.37050217,-0.37934566,-0.22428373,0.11133916,-0.07125924,-0.11394359,0.06607884,0.58988243,-0.5040616,0.18107195,0.33037314,0.2817561,-0.18327838,0.6752498,0.08287587,-0.26240152,0.055863317,0.10479339,-0.13556705,0.033764135,0.27822134,0.0040037064,-0.027727695,-0.14220224,0.18489914,-0.9186604,-0.34817564,0.190159,0.25688028,0.44249207,0.04759377,-0.02517624,-0.06916356,0.12069333,0.0011217628,0.04257991,-0.027684279,-0.027243614,0.31988785,-0.16641375,-0.049280196,0.51042074,-0.02127027
152,0.021879647,0.1510289,-0.09255512,-0.95917755,-0.010001364,-0.22883786,0.061800845,0.22283953,0.30080426,-0.34412593,0.17016892,0.2413928,-0.012178341,-0.17840254,-0.09342621,-0.060128145,-0.88144994,0.03707004,0.18254724,-0.73979145,-0.075575635,0.36507106,-0.37949184,-0.23193514,0.103936456,-0.07233438,-0.11742189,0.06554348,0.5588092,-0.50234246,0.16846615,0.34114483,0.27033693,-0.17633256,0.694401,0.077771164,-0.26086667,0.06171995,0.09114733,-0.13371535,0.032856286,0.27011922,0.0024848008,-0.018173568,-0.14964283,0.17384136,-0.91427344,-0.34232512,0.1794402,0.2490077,0.4380388,0.045574073,-0.020066941,-0.06564926,0.11623344,0.003329474,0.041285127,-0.036556896,-0.024678662,0.31540337,-0.15654595,-0.05064701,0.5045459,-0.019916447
153,0.031605773,0.1564518,-0.09822999,-0.9582462,-0.011629085,-0.23776373,0.056809623,0.2309729,0.30135524,-0.34564918,0.16612048,0.2455641,-0.00854758,-0.19848391,-0.09736261,-0.06280573,-0.8762983,0.040270295,0.18778166,-0.7540464,-0.07552778,0.35771176,-0.37581068,-0.21502993,0.1055446,-0.07155741,-0.11277311,0.07312839,0.56246746,-0.49553752,0.17497918,0.34246582,0.272617,-0.17182228,0.6972868,0.07778706,-0.2578423,0.057844345,0.090175435,-0.13176621,0.02915533,0.26482368,-5.173439e-05,-0.026344657,-0.15942192,0.17582977,-0.91812664,-0.34549114,0.18299389,0.24143592,0.4285115,0.048177157,-0.019005463,-0.067075044,0.1188332,0.0033762336,0.05517952,-0.030579494,-0.030946327,0.31557643,-0.16116871,-0.04681167,0.5043102,-0.024711603
154,0.035523694,0.16631448,-0.10315586,-0.9612782,-0.014085379,-0.24606225,0.05868663,0.2288302,0.30394724,-0.36141065,0.16743514,0.24980809,-0.015403973,-0.22556672,-0.106857345,-0.062334612,-0.8750659,0.04144449,0.1904281,-0.7678057,-0.0811262,0.36685222,-0.37378857,-0.20684454,0.11326928,-0.072198026,-0.107919306,0.072929576,0.5868354,-0.49706498,0.18391116,0.33514684,0.28135395,-0.18352869,0.6811404,0.0826955,-0.26097867,0.05497993,0.10467402,-0.13731086,0.029367281,0.2731068,0.006700229,-0.030651748,-0.14857051,0.18427855,-0.91946846,-0.34751278,0.1869502,0.2501127,0.42881,0.04871196,-0.024252698,-0.0674044,0.118944295,0.0022892545,0.052099314,-0.020936672,-0.030662604,0.31475005,-0.16662472,-0.04651435,0.51146984,-0.024801498
155,0.035184335,0.1612114,-0.09359095,-0.96132386,-0.010323081,-0.23783043,0.052759916,0.22409059,0.3088522,-0.34478644,0.16526045,0.24179153,-0.011658824,-0.20255592,-0.09596901,-0.06289088,-0.8790392,0.040888213,0.18811633,-0.7584377,-0.073915884,0.35727933,-0.3635743,-0.20990145,0.1016088,-0.073504515,-0.10820764,0.081537545,0.55002916,-0.48905376,0.17330506,0.3455126,0.26508072,-0.16679677,0.6999122,0.07428956,-0.26280782,0.062374517,0.09463313,-0.13212055,0.02698426,0.2621,0.0006052904,-0.02964256,-0.1643265,0.16940428,-0.9191366,-0.34538502,0.17561589,0.24453644,0.42719966,0.048364725,-0.02029292,-0.06732749,0.11639057,0.0016612257,0.053442303,-0.028227812,-0.032421496,0.31347528,-0.15773936,-0.04656047,0.49753633,-0.023812668
156,0.024219655,0.16103706,-0.10321414,-0.95447725,-0.011813621,-0.22853215,0.06279071,0.24460953,0.28573316,-0.3770861,0.17920324,0.25130406,-0.014065778,-0.20333956,-0.113255456,-0.06385833,-0.8697754,0.03853134,0.18960387,-0.7606232,-0.081916854,0.36303574,-0.38995814,-0.22915961,0.112807006,-0.06727732,-0.12176172,0.0594861,0.6001453,-0.4999656,0.18846974,0.3289356,0.29622167,-0.19114998,0.68279636,0.08422974,-0.263026,0.05249455,0.10689328,-0.13515025,0.03615157,0.2869661,0.003011386,-0.031556245,-0.1461202,0.19709498,-0.9193696,-0.35411003,0.20585293,0.25207877,0.45002717,0.050290976,-0.024430925,-0.06757461,0.12640591,0.001524851,0.054641165,-0.030260952,-0.03160281,0.31864735,-0.16713856,-0.04744885,0.510795,-0.027570214
157,0.026766663,0.15610412,-0.092241995,-0.96209675,-0.012120009,-0.21662602,0.057411183,0.22107029,0.30474278,-0.3424635,0.1751925,0.2373719,-0.014172099,-0.18426281,-0.09900016,-0.061125167,-0.8760113,0.03813909,0.18516839,-0.74573284,-0.07450428,0.35773054,-0.35884154,-0.2213791,0.099091485,-0.07215796,-0.115234055,0.06829849,0.5446995,-0.4878048,0.16686249,0.35010293,0.26328272,-0.17136367,0.6987654,0.07643948,-0.2619728,0.06266336,0.08984148,-0.13603818,0.02961779,0.2635699,0.006210261,-0.019845705,-0.15665875,0.16510703,-0.9180585,-0.34910268,0.17419718,0.24939914,0.44008055,0.046105146,-0.020863071,-0.066536464,0.11443977,0.0031473793,0.048527725,-0.039261684,-0.024885671,0.31394336,-0.15913829,-0.04846883,0.49792176,-0.01920077
158,0.038810857,0.17166705,-0.097722605,-0.95818096,-0.008655264,-0.23614104,0.056459468,0.23286395,0.3020731,-0.35947767,0.17551158,0.25111735,-0.013554779,-0.21401155,-0.10167225,-0.06397765,-0.86647725,0.041403152,0.18536732,-0.7593162,-0.0709324,0.36130273,-0.3773941,-0.21425234,0.106890306,-0.07335983,-0.113288246,0.0748673,0.571092,-0.50469285,0.18339008,0.3487405,0.28552914,-0.18389763,0.69712025,0.073726155,-0.25273296,0.057085935,0.10113019,-0.13240391,0.02816949,0.28046852,0.006324233,-0.035217263,-0.15440358,0.18592818,-0.9180861,-0.35324883,0.1884747,0.25409514,0.4220211,0.052204505,-0.024417479,-0.0669313,0.11929928,-0.0002608695,0.050394136,-0.030868232,-0.029194906,0.32215232,-0.16779326,-0.048146073,0.49913305,-0.027730957
159,0.034211207,0.1668691,-0.098099515,-0.95961803,-0.011444828,-0.24822073,0.061784185,0.23153058,0.30449814,-0.36303306,0.17323393,0.24826668,-0.0119009055,-0.21078011,-0.10422607,-0.062214687,-0.87557006,0.03992339,0.1886467,-0.7598475,-0.077420555,0.36441165,-0.38602862,-0.21615964,0.11068993,-0.072514236,-0.11164971,0.06709461,0.58648956,-0.5039857,0.18526551,0.34334648,0.29012072,-0.1864449,0.68302584,0.079222515,-0.25929824,0.05584722,0.103393696,-0.13682377,0.029544266,0.27853692,0.009764317,-0.027720753,-0.14788009,0.18725815,-0.91619635,-0.3519621,0.18866472,0.25667167,0.42690873,0.049305014,-0.025133371,-0.06790036,0.11527747,0.0023286706,0.048957318,-0.027027683,-0.02786903,0.31875187,-0.16819449,-0.048371863,0.5140715,-0.02881535
160,0.032932196,0.16037318,-0.09598626,-0.96004504,-0.011022365,-0.23293035,0.053836253,0.22458404,0.30619994,-0.34171647,0.1663469,0.24289843,-0.012399181,-0.197225,-0.098160766,-0.063015945,-0.8780992,0.04089304,0.18651378,-0.75647885,-0.073736034,0.3574158,-0.36302108,-0.2091796,0.10189297,-0.0731096,-0.10989562,0.079627044,0.5515251,-0.4915952,0.17173004,0.34448054,0.26459008,-0.16410881,0.699357,0.074620195,-0.2605871,0.061347798,0.09335452,-0.1311654,0.02687539,0.2600927,-7.255022e-05,-0.028584585,-0.16180784,0.16826528,-0.92003614,-0.34419602,0.1767018,0.24370147,0.42571047,0.047712453,-0.020213712,-0.06703149,0.1173387,0.0018183972,0.054083172,-0.030291582,-0.031831264,0.31474286,-0.15817823,-0.04636507,0.49659875,-0.023072973
161,0.037986834,0.17330524,-0.10090311,-0.95688957,-0.00899758,-0.23400001,0.056523237,0.23267291,0.29946363,-0.3605843,0.17685425,0.25218412,-0.016085722,-0.21009879,-0.105468564,-0.065061696,-0.8665281,0.04182185,0.18587174,-0.76041496,-0.07014681,0.36089018,-0.37700877,-0.2144474,0.1078026,-0.07352115,-0.113868006,0.07454127,0.572241,-0.50568986,0.1832908,0.3476569,0.28496772,-0.18074001,0.6956726,0.07310364,-0.2537859,0.057594124,0.102527514,-0.13294643,0.028431369,0.2781933,0.0053111166,-0.035506852,-0.15369199,0.18609692,-0.92048556,-0.35244343,0.18964517,0.25632194,0.42239374,0.05246474,-0.02496526,-0.06767511,0.12080964,-0.00091954897,0.051926654,-0.032621913,-0.02860103,0.32322592,-0.16860595,-0.048727382,0.49799192,-0.02755507
162,0.02617151,0.16134165,-0.09698699,-0.9572794,-0.0103335595,-0.23165417,0.06306578,0.24366374,0.28924823,-0.37777933,0.18121482,0.24825197,-0.011753881,-0.19741322,-0.106418304,-0.061991397,-0.870743,0.038064145,0.18792818,-0.7577856,-0.08084658,0.365162,-0.3929358,-0.23050702,0.109060876,-0.06872238,-0.120097466,0.06273982,0.59762746,-0.49755216,0.18949595,0.33296037,0.29562292,-0.1922057,0.68605155,0.083483934,-0.26348716,0.053000204,0.10717703,-0.1326814,0.03721384,0.2878965,0.004148314,-0.030745301,-0.1501974,0.1932126,-0.91568434,-0.35653493,0.20310518,0.2511749,0.44974047,0.050465584,-0.024650678,-0.06746993,0.122990124,0.0012852616,0.05277221,-0.029971827,-0.031599548,0.32003462,-0.16645966,-0.04646969,0.50949275,-0.026933046
163,0.034667738,0.16625059,-0.09691352,-0.9597493,-0.010520548,-0.2555641,0.06105453,0.23730066,0.30358887,-0.36994866,0.172916,0.24761206,-0.00943108,-0.21830274,-0.100746974,-0.061845593,-0.8750285,0.04027179,0.19145033,-0.7650867,-0.078523576,0.36354074,-0.3894711,-0.2175342,0.11127907,-0.07063193,-0.109559245,0.07199907,0.5916493,-0.49790815,0.19145088,0.33887333,0.29240233,-0.18916295,0.68300587,0.08030694,-0.26275256,0.055085424,0.10482202,-0.1349283,0.030985625,0.28013426,0.006349615,-0.031669363,-0.1538711,0.19156009,-0.9150774,-0.35181737,0.19186498,0.25251967,0.4320607,0.05076397,-0.024604041,-0.068495266,0.11759721,0.0015764922,0.05033165,-0.022363234,-0.032024585,0.3176146,-0.16738369,-0.047236986,0.5135182,-0.030604621
164,0.032773916,0.16246033,-0.10580648,-0.95856386,-0.014017312,-0.24378121,0.061741564,0.22832695,0.30021763,-0.36263078,0.16831748,0.2478959,-0.014663867,-0.21344677,-0.10510509,-0.0631294,-0.87968063,0.039739255,0.19211148,-0.76114637,-0.081215926,0.36354712,-0.3812848,-0.21489276,0.11115026,-0.07145693,-0.1108299,0.0656472,0.5848104,-0.503084,0.18185633,0.33680528,0.28671482,-0.18375102,0.6772362,0.079932645,-0.2639845,0.056652382,0.10128598,-0.1395556,0.030264877,0.27729467,0.0068259854,-0.027396385,-0.14869557,0.18475688,-0.91854745,-0.3520192,0.1885974,0.255073,0.43024635,0.048221588,-0.024137769,-0.069872215,0.118478216,0.0038769683,0.054734223,-0.025776114,-0.028898656,0.31576177,-0.16678144,-0.048033834,0.5164164,-0.02648969
165,0.02579217,0.15316457,-0.09643397,-0.958335,-0.011473201,-0.21711093,0.05921479,0.22994176,0.29172847,-0.35736763,0.17417403,0.23925714,-0.011371331,-0.18939696,-0.10288157,-0.062065735,-0.8792479,0.037117217,0.1892203,-0.74869055,-0.07840459,0.3570365,-0.37188983,-0.22798334,0.10131866,-0.06985857,-0.11914752,0.06452496,0.55729395,-0.4912213,0.1724364,0.33867708,0.27632535,-0.18036097,0.6960322,0.076781355,-0.26714122,0.06096659,0.093723774,-0.13549925,0.03301389,0.27709025,0.0015910078,-0.024520082,-0.15930085,0.17694812,-0.9171921,-0.35209984,0.18593325,0.24926598,0.44638696,0.047326826,-0.020998958,-0.06788411,0.12253966,0.0037059777,0.056225386,-0.035728645,-0.030457493,0.31446162,-0.15782347,-0.04783846,0.50094867,-0.022495393
166,0.033703014,0.16696693,-0.097039536,-0.95994,-0.0111126425,-0.2515369,0.06249717,0.23169002,0.30438176,-0.36520013,0.17290002,0.24860255,-0.01151052,-0.2119374,-0.10180716,-0.06157148,-0.87601477,0.040023077,0.18790191,-0.76129085,-0.07760509,0.36738852,-0.3889129,-0.21580414,0.11123159,-0.073137626,-0.11049834,0.06981725,0.59024096,-0.50424445,0.18680637,0.34145802,0.28978118,-0.18773931,0.6837703,0.07990421,-0.25958928,0.055582758,0.10523828,-0.13512588,0.030988634,0.27888778,0.008735965,-0.028616583,-0.14838468,0.18652703,-0.91515476,-0.35143828,0.18867049,0.25584096,0.42698774,0.049518615,-0.025402227,-0.06775572,0.11578709,0.0018022009,0.048830472,-0.02548397,-0.028320534,0.3194167,-0.16741037,-0.047629748,0.5150456,-0.027471371
167,0.033946544,0.16487548,-0.10114057,-0.9583924,-0.011984517,-0.24815238,0.06135761,0.23676844,0.3006603,-0.3667404,0.1722159,0.24919108,-0.010603249,-0.21237999,-0.10297535,-0.06257885,-0.87431884,0.040404093,0.19087769,-0.7626841,-0.07889284,0.3622312,-0.38806993,-0.21729352,0.11105881,-0.0709809,-0.111898355,0.069704115,0.5899079,-0.5002077,0.18798764,0.33799452,0.29082373,-0.18504232,0.6823774,0.080711894,-0.26097268,0.054334283,0.102253385,-0.13445741,0.031013574,0.27767247,0.0053599854,-0.03059064,-0.15201278,0.18983306,-0.9169218,-0.35186574,0.19315556,0.25189313,0.4317284,0.050163683,-0.0241692,-0.06917457,0.11883552,0.0021403446,0.052863237,-0.02511164,-0.030991929,0.3182064,-0.1679565,-0.047037188,0.5128846,-0.029369362
168,0.02937348,0.16694279,-0.09875134,-0.96120137,-0.013411462,-0.24315089,0.0650635,0.2256998,0.30343756,-0.36617896,0.17740509,0.24260144,-0.015876444,-0.20208499,-0.09971978,-0.06041552,-0.8828181,0.04011149,0.19142862,-0.76447886,-0.078249246,0.36673242,-0.37754545,-0.21834537,0.107119754,-0.07193822,-0.1073689,0.074703805,0.58279693,-0.4980841,0.18301259,0.33571413,0.27865562,-0.1773883,0.6775696,0.07791005,-0.2690376,0.061350353,0.10474123,-0.1368815,0.03177948,0.26967004,0.0062009958,-0.026521739,-0.15405829,0.17479996,-0.9172335,-0.35410768,0.17872737,0.26145983,0.43449,0.047577564,-0.024752913,-0.07263055,0.11536895,0.00097073376,0.050582286,-0.026728285,-0.026768027,0.32081917,-0.16348934,-0.047761716,0.51384586,-0.022046056
169,0.034802858,0.1670139,-0.098650716,-0.9590527,-0.011526833,-0.24973442,0.061662227,0.23170282,0.30488884,-0.36418462,0.1726144,0.2488605,-0.011869034,-0.21346633,-0.1046322,-0.062476777,-0.8756454,0.040050104,0.18888716,-0.7609367,-0.077632636,0.36406553,-0.38683933,-0.21721125,0.11194684,-0.07272044,-0.1114364,0.06668324,0.58746773,-0.50475156,0.18619028,0.34315875,0.29085597,-0.18762816,0.68344253,0.07920979,-0.2592369,0.055792302,0.10335608,-0.13726297,0.029628275,0.27920172,0.009362846,-0.028074805,-0.1480094,0.18992302,-0.9164449,-0.35185724,0.18888023,0.2578002,0.42647415,0.049643513,-0.025267376,-0.06794265,0.11561011,0.0021505216,0.04889473,-0.026490362,-0.027563075,0.3178753,-0.16773467,-0.04857057,0.51475406,-0.029248558
170,0.028707866,0.16706817,-0.09845151,-0.9594987,-0.011969417,-0.23732363,0.06091381,0.23637009,0.29963824,-0.37373072,0.1769625,0.24652937,-0.016216526,-0.20994243,-0.10326519,-0.061769366,-0.8730984,0.039434817,0.18885604,-0.7632361,-0.08131339,0.3666902,-0.37946683,-0.22209889,0.11034138,-0.06917912,-0.11241784,0.07024261,0.5922288,-0.49509886,0.1879743,0.3320755,0.286521,-0.18593678,0.67936385,0.08116812,-0.26656154,0.05577158,0.10804836,-0.13653193,0.03348388,0.28187853,0.0046327864,-0.030936465,-0.15006122,0.18939222,-0.91725755,-0.35178548,0.19264698,0.2561859,0.44570234,0.049500003,-0.02505453,-0.068150215,0.119954765,-0.00019535926,0.04695473,-0.024355585,-0.031890813,0.31783617,-0.16604328,-0.04694741,0.5093111,-0.02588791
171,0.03197999,0.16372281,-0.099542856,-0.95894223,-0.01096387,-0.25344115,0.06385944,0.2266132,0.3035605,-0.36042532,0.16687344,0.2511222,-0.014814567,-0.20651425,-0.09882699,-0.05995968,-0.8779083,0.03958025,0.18434301,-0.7562148,-0.08040336,0.37373978,-0.3923649,-0.21732607,0.11190106,-0.073958695,-0.108925246,0.06967026,0.5932312,-0.51012075,0.18427324,0.33482647,0.28678045,-0.18485728,0.6786607,0.0805689,-0.2604313,0.054644898,0.10514012,-0.13382214,0.032192662,0.28007308,0.0046065664,-0.027353032,-0.147285,0.1848343,-0.91400385,-0.3487619,0.18708594,0.25344747,0.42436782,0.047885723,-0.024522102,-0.06892143,0.1161369,0.002198446,0.04595318,-0.023862507,-0.028161323,0.32164797,-0.16656722,-0.04837453,0.51643854,-0.024700137
172,0.02929825,0.16050573,-0.09981546,-0.95657474,-0.008886329,-0.23954418,0.05637168,0.2321614,0.2986873,-0.35406804,0.16968626,0.24148725,-0.01047168,-0.20997687,-0.111347616,-0.06536423,-0.87370306,0.03999486,0.18858068,-0.7588749,-0.071399905,0.35010284,-0.37434113,-0.21215475,0.105962254,-0.07266296,-0.115650676,0.07279,0.5554701,-0.4865446,0.179397,0.34143093,0.2772728,-0.17659907,0.7020037,0.0747683,-0.25606167,0.056713678,0.09711999,-0.1309194,0.028540138,0.26837307,0.0020896117,-0.03401607,-0.16002387,0.17886354,-0.920985,-0.3410607,0.18700872,0.2482701,0.42497894,0.04934816,-0.022891814,-0.06743572,0.12238781,0.0028534862,0.054857664,-0.03389508,-0.030310322,0.3078102,-0.16178995,-0.047901917,0.49515948,-0.029813632
173,0.03829103,0.17780362,-0.10339531,-0.95670044,-0.009241191,-0.23981212,0.060804166,0.2389894,0.2931255,-0.37653133,0.17592588,0.25648186,-0.018803423,-0.22718765,-0.1076975,-0.06429747,-0.8634578,0.0424097,0.18813725,-0.76694435,-0.07288299,0.3617171,-0.3851223,-0.21887243,0.10759004,-0.071948655,-0.11348125,0.08181837,0.593264,-0.5012176,0.19132838,0.33226392,0.2894299,-0.18436135,0.69014466,0.074403666,-0.25688392,0.053072777,0.11211504,-0.12757997,0.032182854,0.28490475,0.0006640183,-0.04385893,-0.15414609,0.18804674,-0.9195312,-0.35607708,0.19989638,0.25624564,0.42824882,0.05358405,-0.024426067,-0.066826366,0.124603994,-0.002769342,0.050099727,-0.026453055,-0.033857606,0.3279226,-0.17257904,-0.047693375,0.4960204,-0.02772462
174,0.021197125,0.16251183,-0.099614844,-0.9562163,-0.011469291,-0.21633321,0.06290325,0.2455059,0.28318503,-0.38478658,0.18471032,0.24965362,-0.018575016,-0.2016431,-0.109434284,-0.06248857,-0.8683814,0.037895057,0.18645893,-0.7586954,-0.08270915,0.36865875,-0.3866028,-0.23728731,0.108861916,-0.06682669,-0.124022484,0.06369297,0.6019345,-0.49610493,0.18678918,0.3253514,0.29003385,-0.1896873,0.6825003,0.083261274,-0.2659994,0.053916357,0.110925525,-0.1333895,0.03973687,0.2893882,0.001993944,-0.03270472,-0.14395572,0.1929075,-0.9195945,-0.35543764,0.2056985,0.2570992,0.461666,0.050180268,-0.024860496,-0.0665349,0.12663232,-0.0009986644,0.048570346,-0.03291447,-0.03157914,0.3215807,-0.16533025,-0.047683675,0.50777936,-0.022185268
175,0.032376163,0.15910253,-0.09520426,-0.9623044,-0.0117433425,-0.2342104,0.055609576,0.22416131,0.30484086,-0.3420742,0.16825558,0.24163452,-0.011279984,-0.19792566,-0.096782476,-0.06130348,-0.8759132,0.04083967,0.18516114,-0.75545627,-0.07413909,0.35981467,-0.36382368,-0.20800899,0.102705285,-0.072809845,-0.10995393,0.079051524,0.5529162,-0.48699126,0.17223306,0.34371132,0.26360425,-0.16964853,0.70201236,0.07802431,-0.2577871,0.05943446,0.0928643,-0.13045357,0.027693449,0.25874034,0.0012036704,-0.027051749,-0.16054317,0.1667541,-0.91820294,-0.3423816,0.17695138,0.24044605,0.42375338,0.04760376,-0.02064604,-0.066535905,0.1184527,0.0025083725,0.052792113,-0.029599983,-0.03107164,0.31507722,-0.15897022,-0.046168808,0.4953798,-0.020931553
176,0.02661051,0.16077927,-0.10562704,-0.95947516,-0.01563681,-0.23864157,0.06759007,0.22367035,0.30081776,-0.35562634,0.17224687,0.24852857,-0.016165253,-0.2012026,-0.10213922,-0.058779176,-0.876076,0.0401535,0.18625979,-0.75580466,-0.08200665,0.3720401,-0.38067895,-0.21768257,0.11233436,-0.07150808,-0.11142442,0.066172615,0.58540016,-0.50613064,0.17840995,0.3320349,0.27828065,-0.18324178,0.67821497,0.08449494,-0.25827754,0.055390306,0.09909794,-0.13700487,0.030515714,0.27059707,0.005615521,-0.021645501,-0.14381863,0.17797981,-0.91548204,-0.34919524,0.18127495,0.2556393,0.4270302,0.04600417,-0.02319208,-0.07118578,0.1190382,0.003696361,0.04571769,-0.026344188,-0.024004703,0.32444322,-0.16611713,-0.048039425,0.51488674,-0.018739657
177,0.030062648,0.15028302,-0.095098086,-0.9592151,-0.009566205,-0.25586236,0.0587216,0.22164898,0.305232,-0.35633686,0.15320885,0.23577933,-0.002105185,-0.2152113,-0.08977786,-0.06146426,-0.89002544,0.038175188,0.19681028,-0.7546614,-0.078032814,0.3542658,-0.3812118,-0.2247495,0.104048006,-0.07710458,-0.113314,0.07100462,0.54279256,-0.4958637,0.17267436,0.344873,0.2818917,-0.19071618,0.68840617,0.07504198,-0.26877734,0.064992875,0.09298568,-0.13858321,0.027909063,0.27826872,0.007389954,-0.026254015,-0.15680437,0.18009476,-0.9126068,-0.3433787,0.17515181,0.25362113,0.4305589,0.04648072,-0.022477377,-0.06425002,0.117515795,0.0057175984,0.04582875,-0.02631216,-0.030576786,0.3054502,-0.15942766,-0.051918797,0.5118034,-0.029769339
178,0.036186546,0.16161045,-0.093955584,-0.9552872,-0.0072720046,-0.25068647,0.05973704,0.23973487,0.2999038,-0.36553773,0.17192031,0.24687645,-0.005437823,-0.2106133,-0.099643014,-0.06425816,-0.8714536,0.03852665,0.1903775,-0.7553187,-0.07178604,0.3532115,-0.39758554,-0.22942004,0.1116219,-0.07074254,-0.118307516,0.064078994,0.5703422,-0.50395924,0.1859617,0.3465663,0.29946327,-0.1992184,0.7005087,0.07572545,-0.25515705,0.055420876,0.096536115,-0.13594879,0.030268237,0.29112267,0.0073061134,-0.029909294,-0.15504545,0.19958849,-0.91275084,-0.34901142,0.19304828,0.2536323,0.42510745,0.051588744,-0.022492113,-0.06498268,0.12120992,0.0034862412,0.050211754,-0.03136582,-0.028598117,0.31477487,-0.1645576,-0.0501396,0.5073488,-0.03479962
179,0.029731786,0.16862111,-0.10223117,-0.95902395,-0.014640119,-0.23917596,0.066183716,0.23363742,0.29503435,-0.36923766,0.18077117,0.24993479,-0.0142549295,-0.20317407,-0.09837775,-0.059638806,-0.8732311,0.04133464,0.18822415,-0.7637793,-0.07832541,0.3713259,-0.38419405,-0.21903186,0.110984534,-0.06934281,-0.11193236,0.07252695,0.595752,-0.50419897,0.18534583,0.3317519,0.28352705,-0.18397799,0.6830415,0.08292305,-0.25925952,0.05605311,0.10428245,-0.13474067,0.031761624,0.27316958,0.0045467853,-0.027582183,-0.14814089,0.1815464,-0.91554374,-0.3552667,0.18704522,0.2558027,0.4310026,0.04912307,-0.023427937,-0.07042982,0.12146798,0.0006851772,0.04954167,-0.025687093,-0.028139215,0.3307932,-0.1685284,-0.047103953,0.5125195,-0.020794619
180,0.029515559,0.16158758,-0.09813253,-0.95926994,-0.012644335,-0.2492414,0.068149656,0.22547293,0.3003317,-0.3688577,0.17379259,0.24526495,-0.011937318,-0.1983069,-0.097313575,-0.060307447,-0.8848587,0.03887033,0.19242324,-0.75976,-0.07771478,0.36858308,-0.39234942,-0.22741301,0.11030493,-0.07334254,-0.114567846,0.065361716,0.5859096,-0.5103303,0.18018726,0.33988622,0.28609258,-0.18717873,0.68223995,0.07940565,-0.26296577,0.061935954,0.104047485,-0.14020412,0.031931963,0.27647403,0.009086439,-0.020844406,-0.14398792,0.18265721,-0.9145832,-0.35266623,0.18305306,0.26196426,0.4297753,0.04695159,-0.02438033,-0.067659564,0.11668064,0.0016286179,0.04902552,-0.030290462,-0.023143416,0.320205,-0.1649462,-0.050463106,0.519162,-0.023432994
181,0.03217418,0.15725231,-0.096188374,-0.95767903,-0.010662822,-0.23840243,0.055848107,0.2315055,0.30315208,-0.34639013,0.16689764,0.24406599,-0.008074012,-0.19268338,-0.095243745,-0.063276105,-0.87792456,0.040067963,0.18818885,-0.7532171,-0.07481043,0.3556065,-0.3765913,-0.21643195,0.10339838,-0.07153932,-0.11239134,0.07511632,0.55898404,-0.49472836,0.1754398,0.34293365,0.27278844,-0.16876812,0.6981642,0.07528176,-0.26057032,0.05912034,0.09017754,-0.1308129,0.029070871,0.26496032,-0.0013919378,-0.027336732,-0.16333812,0.17520064,-0.91762435,-0.34702557,0.18212292,0.24313214,0.42886138,0.048588116,-0.01914757,-0.06812849,0.11778972,0.003090657,0.05555194,-0.030789066,-0.03236632,0.316087,-0.15950117,-0.0463549,0.50319755,-0.026012734
182,0.026164178,0.16482547,-0.09911339,-0.95924634,-0.012163779,-0.23225728,0.062207118,0.23596908,0.29724634,-0.369222,0.17872384,0.24684282,-0.016301189,-0.19928275,-0.10193747,-0.061196677,-0.8711978,0.039390918,0.18549632,-0.75904524,-0.08030405,0.36681566,-0.3800787,-0.22172417,0.10872505,-0.069521,-0.114803776,0.06956657,0.59101474,-0.49471068,0.18523496,0.33336997,0.28363797,-0.18237564,0.68197966,0.08253797,-0.26230678,0.054493476,0.10578514,-0.13333207,0.034311857,0.2774951,0.0042299544,-0.029344222,-0.14873685,0.18402544,-0.9173991,-0.3510215,0.19354741,0.2527206,0.444474,0.048906613,-0.02463573,-0.06799555,0.11982134,0.00013256496,0.04770572,-0.028495748,-0.030135943,0.3193844,-0.16684149,-0.046304196,0.50679415,-0.023868104
183,0.03459764,0.16074225,-0.09034573,-0.9610906,-0.008381171,-0.24797538,0.05571312,0.23169054,0.30673155,-0.352712,0.1692022,0.24091968,-0.007055477,-0.20089082,-0.09378739,-0.062248833,-0.87910116,0.040071957,0.19133651,-0.7581777,-0.073562756,0.35653552,-0.37732428,-0.2171155,0.102639586,-0.07189385,-0.10860832,0.079622075,0.55943936,-0.4892454,0.18057221,0.34618366,0.27534366,-0.1746249,0.69840425,0.07453508,-0.26533058,0.06169785,0.09529258,-0.13183422,0.029068239,0.26782733,0.0008456873,-0.029677492,-0.1675135,0.17629422,-0.9160422,-0.3480852,0.18087673,0.24452254,0.4318416,0.049869373,-0.020399028,-0.06827702,0.11638799,0.0018958698,0.053766612,-0.02783897,-0.033611864,0.3154036,-0.15953091,-0.04724533,0.50252813,-0.02804283
184,0.032585416,0.1603803,-0.09399767,-0.9595889,-0.0094772,-0.24100022,0.057245784,0.23213238,0.30358705,-0.34898862,0.16966586,0.2428841,-0.008005128,-0.19465417,-0.09600017,-0.06277912,-0.87768346,0.040119365,0.188143,-0.7546215,-0.07317822,0.35581186,-0.37731856,-0.21658348,0.10327882,-0.072168544,-0.11163599,0.07657304,0.56102234,-0.49322012,0.17809612,0.34543487,0.27537566,-0.1712852,0.6969893,0.07457202,-0.2610316,0.05953675,0.093336366,-0.13082418,0.028850997,0.265618,0.0010773231,-0.027787022,-0.16330074,0.17626582,-0.9174469,-0.34704658,0.18259223,0.24569191,0.42863965,0.04909244,-0.020354055,-0.068167694,0.11657253,0.0021963506,0.053585432,-0.031341624,-0.031777337,0.31633127,-0.16129266,-0.047317512,0.5016728,-0.027491327
185,0.033131562,0.1584054,-0.093439825,-0.96096843,-0.010293943,-0.24178708,0.057161566,0.22353098,0.30595005,-0.34852666,0.16655879,0.24006061,-0.010235929,-0.19447644,-0.093101725,-0.0622017,-0.8843244,0.03938172,0.18970376,-0.75425047,-0.07466048,0.35921142,-0.37385145,-0.21605115,0.10110714,-0.07396479,-0.10863031,0.077557385,0.55528325,-0.4944292,0.17426491,0.34523076,0.2709812,-0.17064476,0.69465613,0.07277432,-0.2668587,0.06324406,0.094351195,-0.13314198,0.029549742,0.26663473,0.0017165345,-0.026504165,-0.16448419,0.16962288,-0.9166972,-0.34902722,0.17665383,0.24799646,0.42871916,0.04784498,-0.020850174,-0.06899231,0.115156755,0.0028303189,0.055448685,-0.030283857,-0.031033397,0.3150149,-0.15785784,-0.047440913,0.50484437,-0.024025219
186,0.038162686,0.17104526,-0.09755296,-0.95659834,-0.008088827,-0.2434588,0.059995346,0.24016891,0.2985096,-0.3667285,0.17734191,0.25243518,-0.00994246,-0.21240535,-0.10083221,-0.0641872,-0.86711836,0.04063201,0.18765244,-0.75859046,-0.07152732,0.36184028,-0.3919837,-0.2213055,0.109559596,-0.07234384,-0.11519248,0.0708641,0.5832013,-0.50931835,0.18963891,0.34650782,0.2969309,-0.19092354,0.69382995,0.07397633,-0.25430447,0.054786827,0.10136175,-0.13277018,0.03052959,0.28683636,0.0063587334,-0.034552414,-0.15426925,0.19517696,-0.9156988,-0.35585535,0.19479354,0.2555965,0.42464992,0.05326566,-0.024418764,-0.06786802,0.1199739,0.00040807176,0.05099996,-0.029838106,-0.02988361,0.32411966,-0.16961849,-0.048510663,0.50559443,-0.031366315
187,0.03404909,0.16472965,-0.103135236,-0.9605638,-0.014099983,-0.24449898,0.0584765,0.23022984,0.3031797,-0.36104307,0.16852278,0.24837857,-0.014180558,-0.22467808,-0.106428355,-0.061959025,-0.8728853,0.04133052,0.1893078,-0.7666476,-0.08076854,0.3646821,-0.37286118,-0.20670208,0.11263084,-0.07089178,-0.10957837,0.072846025,0.5823604,-0.49295223,0.18334153,0.33360785,0.2801854,-0.1843952,0.6851294,0.08348141,-0.25894764,0.054149125,0.10242397,-0.13583145,0.028966045,0.27289358,0.0052519995,-0.031007636,-0.14940877,0.18407087,-0.9188068,-0.34520626,0.187142,0.24797899,0.4281082,0.04883141,-0.02419789,-0.06737826,0.121351376,0.002365696,0.051277045,-0.020993989,-0.031523157,0.31471556,-0.1658337,-0.0460918,0.5076891,-0.024618505
188,0.03181147,0.16382553,-0.107777424,-0.956079,-0.013860228,-0.23623675,0.057772502,0.23036699,0.29971477,-0.3583269,0.16783991,0.25143766,-0.016811492,-0.21623126,-0.10927528,-0.063639335,-0.8723115,0.04181447,0.18874753,-0.764459,-0.07929455,0.3620829,-0.37280306,-0.20887123,0.11004441,-0.07150215,-0.111710094,0.07212633,0.58079296,-0.49877694,0.18020742,0.33638963,0.27783698,-0.17518967,0.68528533,0.08123188,-0.25689995,0.05546058,0.1016126,-0.13362171,0.028858915,0.27007365,0.002528289,-0.03244036,-0.14836775,0.18057019,-0.9219476,-0.34783944,0.18978444,0.2492247,0.42958716,0.048911743,-0.023642521,-0.06806923,0.12173788,0.0014409389,0.054787554,-0.027142076,-0.030206732,0.31666723,-0.16661467,-0.046291567,0.5067604,-0.024687015
189,0.038341288,0.1691407,-0.09258517,-0.95813704,-0.0070256013,-0.24656452,0.05911771,0.23781317,0.30127642,-0.36483794,0.17786406,0.24848211,-0.009650421,-0.20766784,-0.09712544,-0.06310647,-0.86826175,0.040012743,0.18677384,-0.7572178,-0.07128188,0.3608105,-0.39141813,-0.22216271,0.10787447,-0.0724015,-0.11441272,0.07208195,0.57733,-0.5033565,0.18886615,0.34971294,0.2936571,-0.19091366,0.6967018,0.07392649,-0.25557652,0.055607915,0.10107698,-0.13212727,0.030896384,0.2851846,0.007225989,-0.033533245,-0.15829854,0.1899887,-0.9139926,-0.35525495,0.1907539,0.25455377,0.42466542,0.052441925,-0.023552332,-0.06729354,0.1174189,0.0010719937,0.05127358,-0.031298127,-0.029070865,0.32206753,-0.16779597,-0.048011854,0.50475323,-0.03072577
190,0.024065977,0.15101276,-0.087358095,-0.961923,-0.009223213,-0.2281884,0.058030937,0.22100565,0.30652806,-0.3476696,0.17177895,0.231003,-0.011054597,-0.18200105,-0.09500243,-0.06142714,-0.8873833,0.03612761,0.18853255,-0.74450547,-0.074153975,0.35387918,-0.36862478,-0.22996914,0.098027304,-0.07235891,-0.115088895,0.06734057,0.54004675,-0.48631704,0.16773623,0.34835404,0.26818988,-0.17435533,0.69593227,0.072699614,-0.270349,0.0664544,0.090421155,-0.13684537,0.031524867,0.26815414,0.0060828095,-0.019127818,-0.16083099,0.16853192,-0.91534543,-0.3453307,0.17350289,0.2533909,0.44226563,0.04558677,-0.02087256,-0.0668108,0.11247248,0.003863183,0.047161687,-0.038210336,-0.025583996,0.30552173,-0.15281023,-0.050035834,0.50134194,-0.024461314
191,0.031119771,0.16387162,-0.10428866,-0.95585555,-0.012161521,-0.2485825,0.061666805,0.23722363,0.2984887,-0.36753336,0.16969937,0.25245088,-0.011936737,-0.21370456,-0.102913834,-0.06313013,-0.8726265,0.04100786,0.18941295,-0.7639099,-0.07972026,0.36496657,-0.39031142,-0.21651812,0.11328355,-0.07091957,-0.11283356,0.070494585,0.59462607,-0.5014832,0.18772496,0.33393282,0.28814742,-0.18418325,0.68403006,0.08291149,-0.258376,0.053261466,0.10314308,-0.13283676,0.032797024,0.27674678,0.0018939571,-0.032002382,-0.14943467,0.1888627,-0.9179264,-0.34945756,0.19522056,0.24976406,0.4322425,0.050466076,-0.023775237,-0.06877489,0.122007586,0.0012491924,0.053164683,-0.024281925,-0.03134236,0.31906968,-0.16828963,-0.046112083,0.5136554,-0.027314471
192,0.034158662,0.16750509,-0.09748076,-0.96049154,-0.009919382,-0.23534915,0.056969564,0.22920136,0.30105662,-0.35195926,0.17440696,0.2446668,-0.01604262,-0.20528382,-0.10785651,-0.06400693,-0.8696304,0.041245732,0.18540828,-0.75958914,-0.07130329,0.35777995,-0.36780828,-0.20755318,0.10469068,-0.07300168,-0.111861214,0.07888417,0.56250125,-0.48640653,0.18002318,0.34178343,0.27111647,-0.1720022,0.70062447,0.074328735,-0.25632077,0.05691609,0.09991209,-0.13007341,0.029070225,0.2640766,0.0011567742,-0.03281409,-0.16010444,0.17238538,-0.9208225,-0.3438056,0.18399924,0.2458443,0.42282748,0.049557768,-0.02373189,-0.06812748,0.12052803,0.000427824,0.05498166,-0.032882318,-0.030627383,0.31633207,-0.16419078,-0.046997126,0.4909342,-0.02457301
193,0.034697827,0.16716708,-0.095544904,-0.95791477,-0.007939376,-0.2408535,0.057535164,0.23632064,0.30001822,-0.35610685,0.17570543,0.24548551,-0.012805977,-0.1970459,-0.1062167,-0.065587096,-0.8719755,0.04024887,0.18820085,-0.7572277,-0.07082764,0.3541929,-0.38007605,-0.21596888,0.10469777,-0.07203347,-0.114176586,0.07516463,0.56828135,-0.4921323,0.18461959,0.34342307,0.28158987,-0.1722569,0.69654,0.07108026,-0.25983644,0.05680825,0.09836245,-0.1310332,0.03037514,0.27008092,0.00073983753,-0.032372113,-0.16332899,0.1804627,-0.91975015,-0.34860003,0.18863067,0.24846329,0.42749846,0.050585397,-0.022784987,-0.069604054,0.11815429,0.00082357175,0.056459203,-0.034429993,-0.031544365,0.31744376,-0.16525856,-0.04769955,0.49724856,-0.030628882
194,0.032844305,0.16517094,-0.09829458,-0.9629554,-0.011836127,-0.24925745,0.058978435,0.22499393,0.30894643,-0.3636428,0.16913983,0.24166755,-0.015016177,-0.22311138,-0.104084834,-0.06152284,-0.8806756,0.040442005,0.19227491,-0.76865584,-0.07825912,0.3654803,-0.37173206,-0.20751636,0.10775008,-0.07361242,-0.10350193,0.07763142,0.57593393,-0.48884398,0.1846152,0.33917493,0.2774003,-0.18176936,0.68296814,0.07955901,-0.26669693,0.059783645,0.104713544,-0.13652319,0.029953163,0.26974007,0.007532123,-0.03225113,-0.1557949,0.17789218,-0.9189387,-0.34744474,0.18069395,0.25343654,0.43146208,0.048952855,-0.02681422,-0.06936344,0.11646854,0.00069462485,0.05098609,-0.021939997,-0.030002616,0.3108832,-0.16257125,-0.047129,0.508635,-0.025204955
195,0.034369037,0.15990166,-0.0890368,-0.9592933,-0.008387961,-0.250545,0.060611423,0.22613132,0.30455658,-0.3522428,0.16962038,0.24102767,-0.007302921,-0.1911469,-0.09136181,-0.062697165,-0.8846263,0.038163137,0.1894871,-0.7458117,-0.07171413,0.36012185,-0.38974297,-0.22818084,0.104388,-0.073852226,-0.11499824,0.066990726,0.5595728,-0.508976,0.17458571,0.3523223,0.2844304,-0.18444887,0.69645816,0.07067825,-0.26252478,0.06447153,0.09396012,-0.13919273,0.02871177,0.2783457,0.007404221,-0.020547107,-0.15330881,0.18215564,-0.9122154,-0.3486242,0.17956936,0.25586587,0.42265886,0.048436254,-0.020742588,-0.06514847,0.113152556,0.0035635424,0.047268562,-0.03422848,-0.02720256,0.31873643,-0.16270109,-0.051948465,0.5110962,-0.028383192
196,0.034016874,0.1627523,-0.09506597,-0.9617186,-0.010807774,-0.23666927,0.05535666,0.22648323,0.30537435,-0.34511694,0.16767344,0.2442229,-0.0113624465,-0.20369285,-0.09791843,-0.06199507,-0.8772092,0.041267518,0.1865507,-0.75856614,-0.073352665,0.36194614,-0.3659329,-0.20810711,0.1030925,-0.07388847,-0.10874239,0.08078231,0.55935156,-0.49332088,0.1753677,0.34448674,0.26832622,-0.16954745,0.69810784,0.07577084,-0.2591974,0.060341768,0.09541148,-0.13122106,0.027379783,0.26201054,0.0019059839,-0.029069876,-0.15940444,0.17211056,-0.91895235,-0.34480417,0.17896585,0.24277437,0.42488757,0.048647765,-0.02146107,-0.066712685,0.11743283,0.0010860398,0.05152537,-0.027539706,-0.03201987,0.31631902,-0.16005543,-0.046829093,0.49737784,-0.023187144
197,0.0353665,0.16877688,-0.098147586,-0.95867765,-0.00940728,-0.23358236,0.054694336,0.22902232,0.30181637,-0.35017905,0.17368478,0.24549489,-0.017883759,-0.20068341,-0.11032494,-0.066006325,-0.87225616,0.041286696,0.18731152,-0.76097405,-0.07057118,0.3543867,-0.36564097,-0.20870571,0.10392961,-0.073517874,-0.11203801,0.07913256,0.5597799,-0.48941866,0.17941155,0.34319288,0.27159408,-0.16521735,0.69794476,0.07097974,-0.2600023,0.058923174,0.099867076,-0.1312301,0.028304841,0.26347363,0.00018416853,-0.033737186,-0.16226198,0.17346673,-0.9234989,-0.34524086,0.18353726,0.24789494,0.4249108,0.049570367,-0.023335839,-0.068918295,0.1190458,-0.00021227526,0.0573251,-0.034580797,-0.030987248,0.31519786,-0.16274475,-0.04746689,0.49123067,-0.026879704
198,0.02948355,0.1640597,-0.09385274,-0.9565182,-0.0072169313,-0.22313115,0.059031084,0.23576301,0.2915952,-0.370295,0.18073986,0.24190594,-0.015973367,-0.19584185,-0.11118906,-0.0655085,-0.87555486,0.037314527,0.18922593,-0.7537495,-0.07385003,0.35535076,-0.37933108,-0.23096836,0.10152763,-0.07070846,-0.11938174,0.06700155,0.5683801,-0.49291784,0.18256566,0.3393632,0.28619093,-0.18079828,0.69503635,0.069164544,-0.26862922,0.060722113,0.1042958,-0.13432494,0.034948908,0.28620306,0.0014762677,-0.032468412,-0.1618389,0.18387236,-0.9189943,-0.35644352,0.19262552,0.25811434,0.4464025,0.05011616,-0.024338942,-0.06910626,0.12152675,0.0001961173,0.05757139,-0.039219264,-0.031198777,0.31604916,-0.16197199,-0.049090948,0.497668,-0.028308753
199,0.030926602,0.16274062,-0.09654535,-0.9581501,-0.008257997,-0.2689332,0.065400064,0.2355269,0.2991541,-0.38028747,0.1678568,0.24637371,-0.00386077,-0.22727986,-0.097981505,-0.061658744,-0.8821538,0.03912064,0.19619593,-0.7665117,-0.07882252,0.36857942,-0.40367538,-0.2239351,0.11253263,-0.07357082,-0.111741684,0.06903702,0.59406275,-0.5078107,0.19405364,0.33821556,0.30283347,-0.20389222,0.6822048,0.0799357,-0.26418906,0.058420014,0.11178385,-0.13734075,0.03238421,0.29177183,0.009347063,-0.03284725,-0.1481747,0.19755538,-0.9123632,-0.35211223,0.19449899,0.25751537,0.43150017,0.05085774,-0.026509767,-0.06565641,0.12087566,0.0017542809,0.04829179,-0.021010417,-0.03197657,0.3169153,-0.16725686,-0.050331865,0.5214565,-0.033122476
200,0.027007362,0.15556145,-0.09030786,-0.96013534,-0.008970516,-0.21857679,0.058793265,0.22924213,0.29498553,-0.3559384,0.17746173,0.23749591,-0.011301909,-0.18127362,-0.10030421,-0.061873823,-0.88021046,0.036856864,0.1886691,-0.74625754,-0.075675614,0.3569121,-0.3729173,-0.23008332,0.09768111,-0.071286075,-0.11846307,0.0658978,0.55463797,-0.49158797,0.1734559,0.34704816,0.27787516,-0.17897633,0.69600743,0.073678166,-0.26800385,0.06326689,0.095422976,-0.13515978,0.032587506,0.2772376,0.0050638914,-0.024228461,-0.1616559,0.17437811,-0.9164163,-0.35616168,0.18448336,0.25143546,0.4467739,0.047735848,-0.021324657,-0.06786435,0.117325924,0.003149797,0.054523665,-0.038864985,-0.02913233,0.3157823,-0.15888819,-0.048840962,0.49984097,-0.024653478
201,0.025598822,0.16189109,-0.09801778,-0.961036,-0.012269377,-0.23676668,0.064577825,0.22659576,0.3021043,-0.36257437,0.17421748,0.24614841,-0.018407272,-0.19925435,-0.09976249,-0.05954803,-0.8756869,0.038676143,0.18500064,-0.75524527,-0.08234208,0.3710765,-0.38026166,-0.22413684,0.10894739,-0.07214856,-0.112216845,0.06853306,0.5870079,-0.49781215,0.18182172,0.33307686,0.2799834,-0.18383667,0.6765594,0.0825732,-0.26527467,0.056331627,0.10504951,-0.13464838,0.03453533,0.27681226,0.0055923695,-0.026253952,-0.14670742,0.18002222,-0.91593516,-0.34885174,0.186099,0.25462562,0.4421389,0.046889357,-0.024971679,-0.068894796,0.116612434,0.0016683468,0.042772736,-0.027483962,-0.027329894,0.31843758,-0.16449049,-0.048297063,0.51021135,-0.020975597
202,0.03424163,0.16856794,-0.09771512,-0.9571459,-0.008439432,-0.2424266,0.05863848,0.23710364,0.29934224,-0.35910732,0.17426576,0.2470014,-0.013162303,-0.20258519,-0.10796245,-0.065735005,-0.8723159,0.040529016,0.18855658,-0.7597512,-0.0716945,0.35626242,-0.38173681,-0.21548133,0.106983736,-0.072391264,-0.113585524,0.07558361,0.5736956,-0.49502137,0.18609695,0.34031722,0.2834516,-0.17404947,0.69438577,0.07143937,-0.26044932,0.056305278,0.10054867,-0.13150941,0.030645732,0.2719425,7.5462114e-05,-0.033317395,-0.16134727,0.18338706,-0.9201229,-0.34783047,0.18969151,0.25097334,0.42746472,0.05073062,-0.023261348,-0.06958136,0.11967217,0.0003807161,0.05630129,-0.032326683,-0.0320247,0.31770492,-0.16587546,-0.047491364,0.49914825,-0.030492183
203,0.03308255,0.1642113,-0.102983385,-0.9576462,-0.013397437,-0.24577273,0.061619405,0.23235404,0.30151802,-0.3635337,0.17106043,0.24962667,-0.0118714,-0.21620111,-0.10637433,-0.06258473,-0.8734511,0.04022139,0.18891668,-0.7605592,-0.07913415,0.36278054,-0.3850235,-0.21570994,0.11347907,-0.071111575,-0.11324798,0.065165825,0.58596754,-0.50218135,0.18407193,0.33816335,0.28840956,-0.18839166,0.68500346,0.08151001,-0.25701067,0.053976536,0.10037332,-0.13684873,0.029744212,0.27786627,0.0071631833,-0.028096171,-0.14623246,0.19019851,-0.91712457,-0.34889916,0.19048582,0.25483862,0.42610937,0.04939959,-0.024743434,-0.0682162,0.119804546,0.0030213248,0.049817722,-0.025661215,-0.028280925,0.3172922,-0.16744244,-0.048013076,0.51309234,-0.027331483
204,0.03453349,0.16609643,-0.10024142,-0.9591734,-0.01076484,-0.23226553,0.055422876,0.22826713,0.30064878,-0.34903875,0.17128295,0.24672519,-0.017377501,-0.2081946,-0.11083355,-0.065133266,-0.87039256,0.041312892,0.18658045,-0.7604442,-0.07204407,0.3565857,-0.3647223,-0.20725094,0.10532424,-0.073179826,-0.112320244,0.07666763,0.56176955,-0.49002692,0.1777302,0.3421357,0.2701855,-0.16872288,0.69801575,0.07390326,-0.2563927,0.057367586,0.09846564,-0.13182925,0.028437514,0.2641007,0.0010327646,-0.03245559,-0.15832727,0.17292105,-0.9229515,-0.34416544,0.18366066,0.2450422,0.42489922,0.048868112,-0.022602113,-0.0675517,0.12017663,0.00062595,0.057019707,-0.033877507,-0.029905763,0.31464934,-0.16431496,-0.04739033,0.4932248,-0.024767911
205,0.04352028,0.178465,-0.09965615,-0.95751446,-0.009865777,-0.2383645,0.055292595,0.23668037,0.2952694,-0.3754639,0.17768516,0.24742404,-0.016802207,-0.21728608,-0.100883596,-0.066466704,-0.8741073,0.04183363,0.19414896,-0.7677578,-0.07144021,0.35405338,-0.37771383,-0.2159379,0.10157852,-0.07164966,-0.11213525,0.08338641,0.57596534,-0.49609876,0.18714902,0.33947495,0.28862,-0.17729859,0.68949836,0.06742104,-0.2663717,0.059533942,0.10887451,-0.13208094,0.030729456,0.28266248,0.0042210654,-0.043563396,-0.16582035,0.18209133,-0.92092246,-0.36183244,0.19186999,0.26087758,0.42785734,0.053715322,-0.024144193,-0.069322325,0.12019673,-0.001647173,0.0589666,-0.031051075,-0.034715176,0.32410493,-0.16938685,-0.04743215,0.50078917,-0.02921495
206,0.03241019,0.16254647,-0.10212702,-0.952079,-0.006994408,-0.24878158,0.06079069,0.23458603,0.2965861,-0.3693392,0.16560574,0.24863628,-0.0070858267,-0.21711875,-0.10003406,-0.06413476,-0.87728673,0.039173488,0.19147906,-0.7565285,-0.073389046,0.35779122,-0.39742756,-0.2295735,0.109656624,-0.0772058,-0.1181693,0.064563856,0.5688023,-0.5160922,0.18540761,0.34731045,0.30445406,-0.19904888,0.68596447,0.07406773,-0.25796393,0.05781876,0.100926846,-0.13581571,0.029743694,0.2952548,0.010769749,-0.034071654,-0.14980693,0.19766115,-0.9148706,-0.35401207,0.19211054,0.26403955,0.42798412,0.05077031,-0.025359314,-0.066522494,0.12026943,0.0038544657,0.046123758,-0.030571986,-0.027197449,0.3151901,-0.16840728,-0.052103076,0.51297414,-0.03592439
207,0.0386393,0.168934,-0.09353121,-0.95805985,-0.006691331,-0.24522552,0.06019678,0.22748235,0.3042182,-0.3574321,0.17292045,0.24981293,-0.014154048,-0.20340125,-0.09698376,-0.06168134,-0.87221354,0.039172534,0.18382782,-0.75000423,-0.07232767,0.36591414,-0.38960224,-0.2234325,0.10698946,-0.07475564,-0.112416506,0.06886041,0.572991,-0.51356643,0.18281135,0.3500897,0.2910244,-0.18924747,0.69119716,0.07157565,-0.2570548,0.057912674,0.10212216,-0.13455614,0.029677039,0.28890386,0.00793949,-0.030043237,-0.15404516,0.1867068,-0.9130994,-0.3553721,0.18512821,0.25927725,0.41997248,0.050299022,-0.023776235,-0.06831352,0.1147744,0.0017446273,0.04651731,-0.0323004,-0.026167039,0.3246609,-0.16722251,-0.050779834,0.5069178,-0.028709624
208,0.0321618,0.16543938,-0.10264845,-0.95414835,-0.011296485,-0.2526948,0.06629445,0.23286697,0.29770204,-0.37205192,0.1704854,0.25006273,-0.012579366,-0.20797148,-0.10399172,-0.06422417,-0.8804728,0.03895339,0.19168386,-0.7562066,-0.07677446,0.3646755,-0.4016765,-0.22862539,0.11389659,-0.07243524,-0.116592176,0.058933813,0.5921162,-0.51954573,0.18406478,0.34118307,0.30084455,-0.19385403,0.680057,0.075972036,-0.26096913,0.058290306,0.104571074,-0.14157781,0.030304253,0.289407,0.009220787,-0.025887655,-0.13949445,0.19825344,-0.9154902,-0.35162416,0.19367032,0.26634902,0.4246786,0.04972588,-0.025025368,-0.066628955,0.118731834,0.0023946932,0.048172835,-0.03031946,-0.026310232,0.3205827,-0.17064403,-0.05189754,0.5210485,-0.031115059
209,0.03137827,0.16013293,-0.09513452,-0.9594195,-0.009145556,-0.24638852,0.059895087,0.22443375,0.30491152,-0.34521466,0.16329461,0.2478494,-0.011101048,-0.19770032,-0.09371357,-0.06066346,-0.8804442,0.039766423,0.18406655,-0.750476,-0.07520199,0.36896136,-0.3823698,-0.21626492,0.10574413,-0.07465346,-0.108655885,0.0758778,0.5697192,-0.5077039,0.17702983,0.34050745,0.2751813,-0.17453383,0.6919337,0.07513838,-0.25972468,0.05943461,0.09617734,-0.13193889,0.029748695,0.2708545,0.00051854405,-0.02554112,-0.15581031,0.17765239,-0.9150911,-0.34564573,0.17977364,0.24652518,0.42187047,0.047759842,-0.021411732,-0.06824957,0.11625323,0.0016996241,0.046245623,-0.027211241,-0.029842023,0.32117173,-0.16065775,-0.04906899,0.5069039,-0.024003802
210,0.037791308,0.17603475,-0.093325764,-0.9558023,-0.007228636,-0.2318845,0.060136188,0.24456495,0.28406313,-0.39909205,0.18680052,0.24386622,-0.016417973,-0.20718846,-0.10132231,-0.06630896,-0.87876505,0.038068064,0.19711767,-0.76470417,-0.07440192,0.3577494,-0.39342013,-0.23935173,0.10052976,-0.06909402,-0.11766774,0.07627748,0.5901534,-0.49783456,0.19361487,0.33142143,0.3029667,-0.19083597,0.68648684,0.065544896,-0.2799434,0.06195653,0.118389875,-0.13383467,0.039744444,0.30420738,0.0025644838,-0.043691795,-0.1678477,0.19226633,-0.91675603,-0.37172657,0.20224081,0.2693783,0.45047468,0.05476717,-0.026065344,-0.06997927,0.124583855,-0.003047031,0.0614038,-0.033361066,-0.037549816,0.32649553,-0.16620252,-0.04820815,0.506263,-0.02945767
211,0.023352537,0.15445244,-0.09060616,-0.95800096,-0.008785442,-0.22631797,0.059283018,0.23196827,0.2989397,-0.3496804,0.17428966,0.23980743,-0.010869561,-0.17799897,-0.09669629,-0.06195679,-0.8785957,0.037454855,0.18384872,-0.744776,-0.073395155,0.35756376,-0.37849882,-0.23019171,0.1028128,-0.07033184,-0.11907427,0.06715335,0.5591915,-0.4955533,0.17255846,0.34408444,0.27497745,-0.17392747,0.698694,0.075826935,-0.260315,0.060549475,0.09247099,-0.1327487,0.031750027,0.27021307,0.0022992392,-0.021352863,-0.15534055,0.17803088,-0.91646004,-0.34447756,0.18442994,0.2492065,0.4396937,0.04706589,-0.019651003,-0.06498598,0.1168677,0.0021788622,0.047155235,-0.038929146,-0.027373586,0.3131389,-0.15729877,-0.0491112,0.50047916,-0.02545179
212,0.03571687,0.16844156,-0.09643003,-0.9626721,-0.0113463625,-0.24996135,0.06018628,0.22971873,0.30622554,-0.36222863,0.17166181,0.24746963,-0.014044569,-0.21832679,-0.10101038,-0.060726717,-0.87524647,0.041145418,0.18761441,-0.7657927,-0.078185886,0.3681508,-0.37751016,-0.21100631,0.11051347,-0.07342317,-0.10818078,0.07724235,0.5862571,-0.4948971,0.18723951,0.33908942,0.28231588,-0.18445513,0.68371135,0.08033191,-0.2613661,0.055839762,0.10598822,-0.13475089,0.030062651,0.27255058,0.007499878,-0.031045197,-0.1511785,0.18376656,-0.9168797,-0.34758493,0.18637083,0.2513771,0.42724702,0.04946296,-0.0251147,-0.06759571,0.11620317,0.00068172504,0.04707102,-0.021469368,-0.030869277,0.31573093,-0.16607136,-0.047060844,0.506589,-0.026224973
213,0.034301333,0.17001967,-0.095637515,-0.9602886,-0.0083509,-0.2369929,0.056804728,0.2292581,0.30283797,-0.35221162,0.17442039,0.24522842,-0.016928483,-0.20156017,-0.10730848,-0.06460767,-0.87135524,0.04128328,0.18503208,-0.7601631,-0.06995864,0.3576516,-0.36930662,-0.20811492,0.10355086,-0.07440234,-0.111261204,0.081074,0.56406176,-0.48906523,0.18126757,0.34428954,0.27232176,-0.16834402,0.69877034,0.07195567,-0.25796503,0.058008306,0.1025773,-0.1293858,0.029334392,0.2643655,0.0015491298,-0.033734392,-0.16132778,0.17200145,-0.921589,-0.34552997,0.18390262,0.24826053,0.4237136,0.049827006,-0.023967814,-0.06844165,0.11785785,-0.00061916484,0.054829113,-0.03415786,-0.030491618,0.3166665,-0.16463098,-0.046994273,0.49135965,-0.026208716
214,0.028265357,0.16154113,-0.098904625,-0.95808285,-0.011369328,-0.22770308,0.06285264,0.23551479,0.29145283,-0.37757933,0.17952,0.2440249,-0.01498921,-0.20120277,-0.10937473,-0.06253042,-0.8777314,0.03727639,0.19200148,-0.7578133,-0.081384525,0.36227733,-0.38455224,-0.23137294,0.10677524,-0.06977893,-0.11754211,0.06064057,0.58661205,-0.4977808,0.18486626,0.3352512,0.29310232,-0.1907354,0.68075365,0.07890995,-0.27074307,0.058200832,0.106901675,-0.1381092,0.035520468,0.2896347,0.0064044576,-0.02914057,-0.15157017,0.19020575,-0.9170747,-0.358531,0.19652249,0.25892705,0.4504297,0.049218692,-0.02577317,-0.06942565,0.121540695,0.0016763359,0.054920953,-0.031243913,-0.03015488,0.31661332,-0.16441737,-0.048530433,0.5103863,-0.026676299
215,0.035394862,0.16723554,-0.09997719,-0.96130455,-0.012829948,-0.24792,0.058303326,0.22930922,0.30622584,-0.36171412,0.16948926,0.24786645,-0.014516785,-0.22083643,-0.10481816,-0.062030185,-0.8753339,0.041120403,0.18881485,-0.7664023,-0.079374075,0.36593026,-0.37503982,-0.20800951,0.111497164,-0.072373934,-0.10811208,0.07380109,0.58478,-0.49666712,0.1848596,0.33781123,0.2819405,-0.18297532,0.68302745,0.08099972,-0.2608189,0.055554632,0.10451063,-0.13647054,0.028869344,0.27343857,0.007105763,-0.030731477,-0.15029213,0.18447627,-0.91824144,-0.34761065,0.18594825,0.25143665,0.42756808,0.049015306,-0.024703963,-0.06736817,0.11712978,0.0015764368,0.049805507,-0.021578755,-0.030675033,0.31482828,-0.1662556,-0.046531152,0.5094517,-0.026063418
216,0.035401028,0.16877902,-0.097371995,-0.9584409,-0.008288336,-0.23911451,0.059132025,0.22960074,0.3011847,-0.35951307,0.17385772,0.24317154,-0.015376598,-0.20370075,-0.10762527,-0.06561486,-0.8778314,0.039859273,0.19066428,-0.7586044,-0.07080612,0.35444596,-0.3763623,-0.21667995,0.10302548,-0.07384101,-0.111394964,0.075610854,0.5637951,-0.4948689,0.18196,0.34482613,0.2809498,-0.17310263,0.69214815,0.06766435,-0.26504123,0.061194625,0.101991594,-0.13397953,0.02953049,0.2734486,0.0028232862,-0.032632776,-0.16292383,0.17776,-0.9205606,-0.3513593,0.18477492,0.25742713,0.42772076,0.05005359,-0.024550391,-0.07083629,0.11766724,0.00024288525,0.057689622,-0.03538164,-0.03019927,0.31640214,-0.1646151,-0.049261127,0.49897355,-0.029739471
217,0.03445768,0.16787118,-0.09802626,-0.9581249,-0.008474218,-0.23632465,0.05924993,0.22935863,0.30053332,-0.35657415,0.17386217,0.2437428,-0.015726104,-0.20016147,-0.10815886,-0.065734856,-0.87678516,0.03980987,0.18961377,-0.75623274,-0.07081363,0.35449946,-0.37587193,-0.2160872,0.10242204,-0.073692776,-0.112731315,0.07367779,0.56299007,-0.49592593,0.18049102,0.34621662,0.2806139,-0.17201263,0.6924055,0.067999065,-0.2628466,0.06051194,0.10063136,-0.13394967,0.02907206,0.2724952,0.0033942384,-0.031702813,-0.16140784,0.17639138,-0.9209175,-0.3519129,0.1851985,0.25656345,0.42647016,0.049663857,-0.02414183,-0.07053119,0.11721197,0.0009201858,0.057740267,-0.037059665,-0.029519921,0.31709838,-0.16539186,-0.049287487,0.49874625,-0.029637747
218,0.044569436,0.17956252,-0.09563488,-0.95740837,-0.008173753,-0.24870561,0.058950383,0.23756889,0.29644614,-0.38596767,0.17832728,0.24489775,-0.0142631335,-0.22101945,-0.09614361,-0.06615902,-0.8803736,0.04038582,0.1987529,-0.7674719,-0.07177162,0.35541803,-0.3890726,-0.2257115,0.10161509,-0.07136432,-0.10983952,0.081548996,0.5816531,-0.5012753,0.1919462,0.34014332,0.29901087,-0.1867405,0.684682,0.06364219,-0.2741415,0.06262405,0.11277236,-0.13578005,0.03224428,0.29461867,0.0058765383,-0.04317931,-0.16849138,0.18837634,-0.91687727,-0.3682465,0.19200373,0.2697715,0.4305514,0.05471668,-0.025347043,-0.07071132,0.118851006,-0.0014777723,0.058700927,-0.028887901,-0.035663497,0.32593936,-0.16899966,-0.049305286,0.50936764,-0.032560598
219,0.032723594,0.16458783,-0.09808347,-0.9594881,-0.010410512,-0.2531547,0.063514054,0.22654457,0.30528042,-0.35912317,0.16804662,0.2499238,-0.014284353,-0.20806694,-0.099733934,-0.05993797,-0.87731856,0.039357655,0.18457289,-0.7546496,-0.07965845,0.37188253,-0.39031067,-0.21774526,0.11115798,-0.07339018,-0.10924554,0.06725629,0.59035367,-0.50992686,0.18432176,0.3388879,0.28894308,-0.1874802,0.6784647,0.0796947,-0.259648,0.055048738,0.10443447,-0.1359769,0.030494176,0.2816781,0.0073886816,-0.02637325,-0.14670399,0.18660241,-0.9135254,-0.3500248,0.18650897,0.25558513,0.42338887,0.04800612,-0.02457981,-0.068704784,0.11446442,0.002729722,0.043831125,-0.024587737,-0.027406937,0.32122067,-0.16777688,-0.04943179,0.5158688,-0.026779478
220,0.025233842,0.16736239,-0.091753334,-0.9593894,-0.009735445,-0.21744528,0.06389687,0.23317026,0.29248998,-0.3648477,0.19197375,0.24146348,-0.017192584,-0.18188706,-0.11229344,-0.06258698,-0.8721036,0.0380538,0.18715991,-0.7542722,-0.07086624,0.3612625,-0.37356466,-0.23030747,0.10251389,-0.071112365,-0.12068992,0.06737114,0.5689922,-0.49212188,0.18166904,0.34113207,0.2782559,-0.17936964,0.69817686,0.07282109,-0.2644216,0.060752954,0.10046143,-0.13585979,0.034991268,0.27330017,0.005785595,-0.025383327,-0.15780182,0.1777417,-0.9185499,-0.35728848,0.18412867,0.25923976,0.44595236,0.049034175,-0.02464101,-0.0710808,0.119301416,-0.00079392886,0.051832203,-0.041660264,-0.024230149,0.3230341,-0.1629723,-0.048997205,0.4952631,-0.02193567
221,0.037214074,0.16976848,-0.0977582,-0.95472425,-0.0074325036,-0.25311446,0.06311754,0.23239139,0.2915372,-0.3730816,0.17260237,0.24985886,-0.0111965705,-0.20980422,-0.09947494,-0.06628734,-0.8800329,0.039473243,0.1941932,-0.7575047,-0.07016116,0.36357218,-0.3969943,-0.22957447,0.10752243,-0.074525625,-0.11768315,0.070323445,0.57902235,-0.51847607,0.18395163,0.34281346,0.2961595,-0.18929501,0.6907857,0.06621868,-0.26307023,0.06394325,0.10828831,-0.13868237,0.030685417,0.29122606,0.0038537532,-0.031944647,-0.14810418,0.19210114,-0.9161538,-0.3524857,0.1928484,0.2604698,0.42452028,0.051494025,-0.024843909,-0.063875854,0.122921064,-0.0012225807,0.051579785,-0.033883024,-0.031091087,0.32654083,-0.17047425,-0.05450995,0.507539,-0.030752424
222,0.024231698,0.16499531,-0.1047354,-0.9576908,-0.012628296,-0.23162507,0.06534267,0.22935075,0.2976711,-0.36584884,0.17487118,0.2507311,-0.020078382,-0.20284751,-0.105157875,-0.06111928,-0.8736024,0.03952842,0.18545689,-0.7565211,-0.081187055,0.37117773,-0.38118464,-0.22470549,0.110552885,-0.07173503,-0.11356274,0.06661451,0.5924303,-0.5050105,0.18270046,0.3314211,0.28354695,-0.18272302,0.6741045,0.0815657,-0.2628235,0.05626242,0.10663789,-0.13533363,0.033768304,0.27830225,0.0043347524,-0.028263237,-0.1425321,0.18573773,-0.91898894,-0.35020658,0.19122739,0.25935796,0.44200134,0.048177276,-0.026190815,-0.06991059,0.12020524,0.00038244925,0.04271483,-0.028473657,-0.027265891,0.32172033,-0.16731067,-0.049642473,0.509844,-0.022298006
223,0.034327075,0.16703127,-0.09859761,-0.9626637,-0.012205192,-0.24899958,0.063490264,0.22175644,0.30818808,-0.3553118,0.16787013,0.24927722,-0.017007474,-0.21171632,-0.1016577,-0.059635583,-0.8782316,0.040480733,0.18477714,-0.7599739,-0.07987846,0.37220523,-0.37866083,-0.21299264,0.111970045,-0.07603441,-0.107227504,0.07421945,0.58652383,-0.50309813,0.18301356,0.33738363,0.28057617,-0.18289532,0.6769719,0.08012446,-0.26210663,0.05611876,0.10526299,-0.13573472,0.030618813,0.27207574,0.008085372,-0.026618911,-0.14626126,0.18150172,-0.91619974,-0.34580472,0.18165478,0.25550124,0.4225353,0.047300763,-0.0259436,-0.069144085,0.11379657,0.0014365364,0.042785265,-0.022466542,-0.02714933,0.31717488,-0.16578472,-0.04890215,0.51006037,-0.023457838
224,0.03925657,0.17205352,-0.09535606,-0.9565924,-0.0078104096,-0.2423396,0.059805155,0.23509389,0.30189255,-0.36331332,0.17715967,0.2524949,-0.011430267,-0.21125096,-0.0979716,-0.06450028,-0.86876357,0.040198166,0.18646738,-0.7546744,-0.07034509,0.3627987,-0.39104226,-0.22360459,0.10917627,-0.073121935,-0.11542087,0.0683446,0.5770665,-0.5151318,0.18556584,0.350963,0.2953694,-0.19149564,0.6963152,0.07148245,-0.25339895,0.05768492,0.09991148,-0.1361244,0.029342258,0.28914297,0.008761992,-0.03201004,-0.15144582,0.1940924,-0.9148117,-0.35703737,0.18964742,0.2604234,0.4201299,0.05294188,-0.024392677,-0.06746546,0.11770911,0.00022937066,0.047713514,-0.031959172,-0.02724038,0.32580978,-0.16907105,-0.049846612,0.50790703,-0.03024181
225,0.026765503,0.15841898,-0.10219589,-0.96051407,-0.014220363,-0.22400326,0.063489676,0.22646438,0.29552165,-0.3612012,0.17429766,0.24766646,-0.017688772,-0.20505752,-0.11158253,-0.05999743,-0.87170404,0.038215313,0.18503079,-0.75357574,-0.08420935,0.36873505,-0.37465566,-0.22136247,0.11046224,-0.07094822,-0.116930805,0.060195208,0.58320326,-0.49774048,0.17779304,0.33260602,0.2816802,-0.19094805,0.6819608,0.08579483,-0.2612682,0.054266218,0.10217458,-0.13725135,0.03343856,0.28049743,0.0072738132,-0.024650678,-0.14265159,0.18370117,-0.91716087,-0.34939247,0.19000089,0.2515649,0.44222447,0.04664915,-0.025397385,-0.06793366,0.12182002,0.003642772,0.04735021,-0.029188635,-0.026471935,0.31739908,-0.16502726,-0.04808985,0.5076089,-0.019586587
226,0.031828158,0.16123624,-0.10391323,-0.9619456,-0.014797538,-0.23765892,0.05875766,0.22211601,0.30680332,-0.35688585,0.16833667,0.24052814,-0.015767943,-0.21880868,-0.10848302,-0.06212548,-0.878518,0.03994747,0.19101763,-0.7627067,-0.07962756,0.3583025,-0.36482278,-0.20730864,0.107695505,-0.07199831,-0.10779071,0.06986319,0.565622,-0.486362,0.17702672,0.33927813,0.27406976,-0.17969662,0.68365526,0.080748856,-0.26304254,0.057992928,0.09794717,-0.13846931,0.02777505,0.26709557,0.008353718,-0.027887033,-0.15261088,0.17572753,-0.92017627,-0.3454679,0.17997295,0.2540202,0.42851985,0.04725968,-0.025457248,-0.06951139,0.11746773,0.0036855151,0.052358825,-0.026155245,-0.027654449,0.3080876,-0.16322173,-0.04744108,0.5061111,-0.02412311
227,0.032535776,0.16641067,-0.10162926,-0.9590674,-0.012248232,-0.25350258,0.06228765,0.23884074,0.299289,-0.3694337,0.17305051,0.2517671,-0.010097224,-0.22011653,-0.10256729,-0.062520094,-0.8730742,0.040871978,0.19040254,-0.7651746,-0.07927927,0.36754036,-0.39079604,-0.21533282,0.114848316,-0.07028149,-0.111408204,0.06999772,0.5994541,-0.5027505,0.19151464,0.3339639,0.29342332,-0.1904493,0.6810582,0.08251089,-0.25908545,0.05300024,0.10413439,-0.13538094,0.03186241,0.27874225,0.006008935,-0.03143422,-0.14794411,0.1942986,-0.916305,-0.34999785,0.19542927,0.2508106,0.43007132,0.050920803,-0.024688866,-0.06824276,0.12029683,0.00208872,0.049369488,-0.020830158,-0.03188429,0.3201383,-0.16939057,-0.04732077,0.5149293,-0.028838204
228,0.025670746,0.15618598,-0.09112987,-0.9589093,-0.009489679,-0.22110282,0.05944456,0.23253545,0.2922198,-0.3571244,0.17911412,0.24239057,-0.009803262,-0.1833471,-0.10058903,-0.061316166,-0.8749687,0.03761924,0.18478514,-0.74753267,-0.07473453,0.3631836,-0.3787104,-0.22932613,0.10208057,-0.07153859,-0.11995243,0.06679219,0.56484103,-0.49617577,0.17500332,0.34276548,0.27716228,-0.18145138,0.7016585,0.07777768,-0.26144716,0.060239196,0.095646925,-0.13204609,0.03453165,0.27560884,0.0029118985,-0.024835559,-0.15605223,0.17694677,-0.915412,-0.3517632,0.18752523,0.24741052,0.44509345,0.048541863,-0.021455033,-0.06572005,0.12054656,0.0021109479,0.051142495,-0.03729523,-0.028529944,0.3197773,-0.15974502,-0.048108622,0.50080407,-0.021012757
229,0.02882907,0.16216835,-0.09663091,-0.95872295,-0.010725657,-0.23203789,0.06207681,0.23578423,0.29285347,-0.37944442,0.17969741,0.24320161,-0.014663878,-0.203505,-0.10795684,-0.062396105,-0.8787313,0.037219655,0.19297637,-0.7599908,-0.08148315,0.3629126,-0.38499233,-0.23145758,0.107132934,-0.06949295,-0.11595063,0.06285299,0.5873064,-0.49598414,0.18666708,0.33395344,0.29316413,-0.1914029,0.6808751,0.07861804,-0.2731032,0.0588491,0.10832418,-0.13823166,0.035930667,0.29048687,0.005792452,-0.030103235,-0.15365142,0.19086947,-0.91646993,-0.3577394,0.19557059,0.2583809,0.45132422,0.049479377,-0.025832927,-0.069216415,0.12140851,0.0012637087,0.054280106,-0.02898854,-0.031486493,0.31603864,-0.1630106,-0.048383735,0.51077014,-0.026995229
230,0.037222676,0.17848615,-0.104516976,-0.95481515,-0.008848885,-0.23863414,0.060203757,0.23965931,0.29211208,-0.37703967,0.17661634,0.25676805,-0.019916933,-0.22272618,-0.10872763,-0.0652158,-0.86303735,0.04257861,0.18765938,-0.766553,-0.071752496,0.35976094,-0.38581994,-0.22020628,0.107439,-0.07165362,-0.11439541,0.08192954,0.59281605,-0.5017374,0.19133191,0.33244583,0.2890802,-0.18135056,0.6905989,0.073238604,-0.25667995,0.05348224,0.11183724,-0.12696472,0.03206543,0.28349456,-0.0005696113,-0.044704404,-0.15441492,0.18907467,-0.9209033,-0.35556084,0.20116393,0.258004,0.42775142,0.05413374,-0.024737267,-0.06742113,0.12503688,-0.0035346488,0.0498821,-0.028202724,-0.03367359,0.32808226,-0.1727185,-0.04806855,0.49432027,-0.02849499
231,0.03466691,0.16014148,-0.097718924,-0.954467,-0.0085965805,-0.24455005,0.061643362,0.23880409,0.29713187,-0.3613029,0.17296983,0.24914585,-0.00683084,-0.20669748,-0.10194004,-0.0639288,-0.8702333,0.038586617,0.18724759,-0.75115633,-0.072471924,0.35699943,-0.39907563,-0.2278701,0.11232836,-0.07089357,-0.120238,0.060353868,0.57413816,-0.50949067,0.18309511,0.34615988,0.29795688,-0.19698909,0.69972426,0.07688311,-0.2507638,0.053762227,0.09433811,-0.1350988,0.030524362,0.28848624,0.0071247933,-0.027544186,-0.15003549,0.1971925,-0.91362053,-0.3487875,0.19475159,0.25401893,0.4221485,0.05069795,-0.021887526,-0.065466404,0.12161337,0.0042741164,0.05124951,-0.03375004,-0.026331104,0.31637374,-0.16557094,-0.049629677,0.5089507,-0.032069277
232,0.028338797,0.15834698,-0.08764518,-0.96236074,-0.008898543,-0.22068623,0.054638084,0.23030049,0.29852897,-0.35152885,0.17837682,0.23862606,-0.012174215,-0.18720497,-0.10072592,-0.0617527,-0.8750241,0.038421143,0.18594941,-0.75234413,-0.07442395,0.358267,-0.36357263,-0.22114871,0.098879434,-0.07086574,-0.11661542,0.073838726,0.5538883,-0.48425853,0.17430541,0.34548238,0.27009565,-0.17432633,0.70160127,0.07624584,-0.2644344,0.061801206,0.09667743,-0.13249604,0.031274255,0.26893693,0.003435698,-0.027174575,-0.16222292,0.17190072,-0.91781807,-0.3494991,0.18235175,0.2430924,0.4450164,0.048025914,-0.021105539,-0.06536122,0.117735215,0.0016087142,0.051665675,-0.035170835,-0.03137633,0.3151668,-0.15819739,-0.047102626,0.4928191,-0.02273967
233,0.03457609,0.16901964,-0.097137466,-0.95980066,-0.011087525,-0.2510447,0.06360874,0.23264378,0.30269986,-0.36651647,0.17402458,0.2509275,-0.01202209,-0.21421294,-0.09886692,-0.06111206,-0.8746901,0.040359605,0.1872246,-0.75930524,-0.07686137,0.37256196,-0.39291883,-0.21767882,0.1117594,-0.07317337,-0.110577814,0.06856887,0.5955691,-0.5114273,0.18739796,0.3426999,0.29352194,-0.19214237,0.68357986,0.07958547,-0.25757423,0.055961426,0.10492097,-0.13661774,0.030817872,0.2824746,0.010001594,-0.02869616,-0.14475957,0.19018294,-0.9137142,-0.35394862,0.18989466,0.25729984,0.42409265,0.050688148,-0.025776766,-0.067913555,0.11629072,0.001294221,0.04558056,-0.024440547,-0.028229907,0.3247553,-0.17017052,-0.04856897,0.517066,-0.02656855
234,0.027097836,0.1654082,-0.095827624,-0.95738924,-0.009335246,-0.23407032,0.063435294,0.24163727,0.2920509,-0.37830383,0.18337415,0.24915333,-0.012544561,-0.20359781,-0.11009622,-0.06264969,-0.87187254,0.037971526,0.18855041,-0.759269,-0.0788993,0.36674568,-0.3916548,-0.23097819,0.110972464,-0.06959238,-0.11917416,0.060654216,0.59778553,-0.50304943,0.19109173,0.33589926,0.29858086,-0.19555548,0.6859384,0.08101371,-0.26325598,0.0552369,0.10905343,-0.13640027,0.03585879,0.29101458,0.0071806153,-0.030092284,-0.14645731,0.19896312,-0.9162751,-0.35641924,0.2010647,0.2570286,0.4471485,0.051103763,-0.026857473,-0.06717837,0.1220769,-0.00046711016,0.048564903,-0.029417979,-0.029735837,0.3205449,-0.1663143,-0.048755966,0.5101387,-0.028835014
235,0.02665196,0.16328546,-0.09517654,-0.9584046,-0.010110825,-0.23011908,0.06430961,0.23791297,0.29241115,-0.37480515,0.18248159,0.24732211,-0.013148624,-0.19697753,-0.108685404,-0.06154268,-0.87185925,0.03758403,0.18610081,-0.7548972,-0.07925081,0.36644468,-0.39088306,-0.23010407,0.10877596,-0.07064401,-0.12022288,0.059580155,0.59336483,-0.50106716,0.18630782,0.33835262,0.2947401,-0.19419627,0.6868764,0.081716225,-0.26177704,0.05469404,0.10774738,-0.13495404,0.0359681,0.28874746,0.008731398,-0.027827773,-0.14601126,0.19102369,-0.91523993,-0.3567499,0.198631,0.25716424,0.44581297,0.04966752,-0.026017541,-0.06684118,0.119998746,0.0014073218,0.049641844,-0.03295437,-0.027658995,0.3200587,-0.16687478,-0.047945138,0.50997025,-0.02609751
236,0.029959496,0.15957725,-0.09703924,-0.96040154,-0.010367115,-0.25613055,0.058714986,0.23135892,0.30442327,-0.36502147,0.16669492,0.24298178,-0.007787778,-0.22058083,-0.102492385,-0.061695043,-0.87935483,0.03984618,0.19118346,-0.7660133,-0.07867562,0.36269197,-0.38449326,-0.21233118,0.10967955,-0.07341196,-0.11000821,0.07312346,0.5782252,-0.4925154,0.18525557,0.33843455,0.28519887,-0.18783405,0.6882969,0.082687885,-0.26136425,0.05615494,0.10416109,-0.13323016,0.030712156,0.27577513,0.007738266,-0.032956317,-0.15403461,0.18291797,-0.9159237,-0.34604752,0.18723865,0.24892403,0.4312172,0.04890348,-0.024120964,-0.0662059,0.118158035,0.0035217667,0.05051793,-0.022470808,-0.03092559,0.30903056,-0.16223752,-0.046339158,0.5129017,-0.028554596
237,0.025999403,0.15407164,-0.093766466,-0.9587572,-0.00997039,-0.21507068,0.058361385,0.22908653,0.29300535,-0.3544881,0.17636612,0.23836374,-0.012306185,-0.17736295,-0.101742886,-0.0626914,-0.88048756,0.03687242,0.18876994,-0.74584436,-0.07634014,0.3555346,-0.3717263,-0.2294138,0.098007195,-0.07095352,-0.11959434,0.06498051,0.5537249,-0.49244177,0.17174895,0.3443455,0.27580574,-0.17487033,0.6955793,0.07396722,-0.26818892,0.062889904,0.09361409,-0.13484415,0.032827344,0.27494544,0.0026162718,-0.024010563,-0.16152841,0.17357531,-0.9178604,-0.35502452,0.18501255,0.25000086,0.4471438,0.04729258,-0.020920005,-0.06834258,0.118719324,0.0032624053,0.056751706,-0.039772883,-0.029405752,0.31540316,-0.15825933,-0.048358846,0.49947554,-0.023895657
238,0.026817,0.16238685,-0.09621856,-0.96217865,-0.012142798,-0.23267771,0.060846124,0.22702876,0.30477712,-0.36644074,0.17660892,0.23781566,-0.016874509,-0.20727628,-0.10339999,-0.06133611,-0.8793961,0.038016833,0.19061022,-0.7589817,-0.0804235,0.3606036,-0.36915314,-0.22169231,0.104495995,-0.070850074,-0.110670194,0.06789822,0.5717095,-0.48616678,0.18106495,0.3392704,0.27941737,-0.18315877,0.67791706,0.07823864,-0.2708619,0.060266107,0.103019506,-0.13889198,0.03223209,0.2763587,0.009298759,-0.02765539,-0.15388311,0.17842951,-0.91780156,-0.35164684,0.18282974,0.2596152,0.44604206,0.047426708,-0.025783047,-0.06987105,0.11502638,0.002174487,0.04714184,-0.029209826,-0.027958097,0.31022292,-0.16256216,-0.048559144,0.50749564,-0.025273073
239,0.02756809,0.16343449,-0.09955206,-0.9603932,-0.011950411,-0.2269796,0.0631879,0.22853163,0.29511824,-0.36554348,0.17793976,0.24915184,-0.018560674,-0.20292103,-0.11020344,-0.06041105,-0.87259144,0.03861169,0.18530062,-0.7551442,-0.080950275,0.37213972,-0.37862688,-0.22339694,0.10827614,-0.07210723,-0.11526022,0.06411005,0.589254,-0.50225526,0.1814431,0.3355001,0.2843799,-0.1884001,0.6806603,0.08228524,-0.26253372,0.056601487,0.10671863,-0.13591999,0.034206003,0.2813685,0.0075722625,-0.027743507,-0.14361933,0.18472454,-0.9176521,-0.35320675,0.19175187,0.25465932,0.44341683,0.048290037,-0.02678043,-0.0683396,0.11989589,0.0012601598,0.0455096,-0.029662348,-0.027139353,0.3220432,-0.16645093,-0.049339924,0.50725657,-0.02092596
240,0.03367066,0.16295893,-0.09521969,-0.96144116,-0.010465307,-0.23411869,0.05485663,0.22595905,0.3040245,-0.3443826,0.16981362,0.24382274,-0.012354411,-0.19934615,-0.09833733,-0.06229213,-0.8764648,0.041321643,0.18655662,-0.75699425,-0.072073765,0.36106554,-0.36490852,-0.20889606,0.10154099,-0.073579356,-0.10943013,0.0804564,0.5564015,-0.49253434,0.1741199,0.34638342,0.26659575,-0.16697769,0.69944173,0.07488784,-0.25890577,0.0613888,0.09529693,-0.13108501,0.027320284,0.26025933,0.0017045294,-0.02910368,-0.16012818,0.16916175,-0.91981655,-0.34574392,0.17877461,0.24307574,0.42533964,0.048806526,-0.02133527,-0.06711711,0.117498316,0.0010310418,0.052330986,-0.030156316,-0.031452835,0.3183543,-0.16064279,-0.047442514,0.4957877,-0.022764128
241,0.033252392,0.16239166,-0.09208701,-0.9626488,-0.009651281,-0.23828821,0.05562245,0.22607167,0.30568498,-0.34497553,0.16932912,0.24277869,-0.011192214,-0.19954437,-0.09534012,-0.061115228,-0.8767746,0.041146874,0.1854493,-0.75757563,-0.072441354,0.36361632,-0.3673155,-0.20874192,0.101651266,-0.07424018,-0.10821035,0.08249648,0.55856556,-0.49113452,0.17602327,0.3465082,0.26711437,-0.16996577,0.700425,0.076104924,-0.25903866,0.060823478,0.096320234,-0.12964986,0.028158136,0.26090285,0.002017138,-0.02939245,-0.16119951,0.16864765,-0.91782725,-0.34513146,0.17812282,0.24149564,0.4251768,0.048819914,-0.02155583,-0.066655576,0.116705425,0.000758113,0.05110321,-0.028519588,-0.031874765,0.31774014,-0.15997733,-0.046671186,0.49618226,-0.022298686
242,0.02461368,0.15890943,-0.095612705,-0.9554951,-0.008623818,-0.2217249,0.05868941,0.24122684,0.28828627,-0.3631252,0.17889391,0.24556987,-0.010423945,-0.18649621,-0.10323015,-0.063618615,-0.873681,0.03854139,0.18752328,-0.7522649,-0.074738376,0.35900345,-0.38202837,-0.23029175,0.103063606,-0.069437884,-0.12033913,0.069488235,0.5729337,-0.49636716,0.18069075,0.33768696,0.28254414,-0.17688262,0.6976904,0.07631846,-0.2632063,0.058930222,0.09800353,-0.13062535,0.03457146,0.2762779,-0.0016914395,-0.029716175,-0.15942334,0.18504353,-0.91878575,-0.3527801,0.1952201,0.24798527,0.44801173,0.050458144,-0.02141478,-0.06758166,0.12387617,0.00053564913,0.053906664,-0.0357,-0.032663338,0.32043403,-0.16096057,-0.04796079,0.49905902,-0.025932057
243,0.025246466,0.16633546,-0.0915605,-0.9595748,-0.010090719,-0.21097136,0.06371099,0.23008408,0.2928668,-0.36107713,0.19331172,0.23871006,-0.018285524,-0.17386082,-0.1136103,-0.06270321,-0.8721796,0.0376379,0.1863356,-0.7503257,-0.0700212,0.3560525,-0.3695126,-0.23149665,0.10005588,-0.071606286,-0.12260614,0.06545798,0.55947685,-0.48882225,0.1772109,0.34540686,0.27531964,-0.17574671,0.69874245,0.07142061,-0.26469022,0.061818745,0.098538145,-0.1356947,0.033995595,0.2705768,0.0072485,-0.023382427,-0.15903962,0.17228346,-0.9192505,-0.35790592,0.18167685,0.26210985,0.44589433,0.048072647,-0.024110269,-0.07170111,0.1173408,0.00028855674,0.053728912,-0.047572654,-0.0220266,0.32171094,-0.16337833,-0.04935455,0.49253982,-0.021651885
244,0.038671482,0.17345311,-0.09743259,-0.9583139,-0.008179067,-0.23691028,0.056787357,0.23321944,0.30172756,-0.3599568,0.177468,0.25091207,-0.014520259,-0.21140948,-0.103393875,-0.06432024,-0.86654073,0.041521113,0.18554701,-0.76042134,-0.07015236,0.36092195,-0.3772961,-0.21453488,0.107663915,-0.07364139,-0.11327213,0.075082764,0.57231057,-0.50405204,0.18496202,0.349354,0.28655306,-0.18314537,0.6962384,0.0734028,-0.25376135,0.05726238,0.10259507,-0.13279557,0.028231496,0.27947304,0.006635507,-0.035227545,-0.15465899,0.18722868,-0.91902786,-0.35245523,0.18891716,0.2551181,0.42208442,0.05249091,-0.025068536,-0.06715433,0.11908979,-0.0010653101,0.050402805,-0.031447724,-0.028928138,0.32221496,-0.16820681,-0.04860972,0.49781415,-0.028687013
245,0.024177825,0.15618765,-0.094917715,-0.96070987,-0.011295564,-0.23292193,0.06357365,0.2262835,0.30293182,-0.364199,0.17433634,0.2369813,-0.014002144,-0.19746675,-0.10306983,-0.06101782,-0.88297117,0.036447857,0.18973638,-0.7513642,-0.07938074,0.35998783,-0.3797572,-0.22984788,0.10531296,-0.07143337,-0.115539156,0.05895815,0.57005686,-0.49336964,0.17694877,0.3428083,0.28412652,-0.18827048,0.68096054,0.078782156,-0.26751322,0.06028684,0.099523894,-0.14007737,0.032814972,0.28012604,0.01187086,-0.021701336,-0.14843102,0.18122643,-0.91545576,-0.3499232,0.18471645,0.26126778,0.4431003,0.046475615,-0.02474372,-0.06790855,0.11433078,0.0039831796,0.045914814,-0.03386195,-0.023723578,0.30736464,-0.16081573,-0.0502073,0.5119265,-0.026736148
246,0.029373208,0.16487046,-0.090325035,-0.9585157,-0.006258819,-0.22730194,0.05999251,0.23526698,0.29193056,-0.37149754,0.18275917,0.24050176,-0.015930207,-0.19440256,-0.109425694,-0.06421327,-0.8758444,0.037227925,0.18867491,-0.7546286,-0.07318707,0.35861838,-0.38134947,-0.2304026,0.10122642,-0.07144897,-0.11797918,0.06929862,0.5709796,-0.49071014,0.184675,0.340739,0.28632998,-0.18333498,0.6957128,0.069946796,-0.2693537,0.060851492,0.10675062,-0.1334462,0.036024567,0.28559762,0.002836364,-0.032453313,-0.16276795,0.18197507,-0.91760874,-0.35604692,0.19193675,0.25676024,0.44632912,0.05021392,-0.0250053,-0.06877206,0.12047174,-0.00029110405,0.05657709,-0.038511593,-0.030934837,0.31679937,-0.16207366,-0.04895251,0.49716514,-0.027478153
247,0.032800775,0.15831031,-0.096540876,-0.9586058,-0.01137475,-0.2316415,0.057274036,0.22535853,0.30412358,-0.34077856,0.16930467,0.24357049,-0.01012839,-0.18698439,-0.10004506,-0.06309941,-0.8779207,0.039784353,0.18634605,-0.7487099,-0.07286844,0.35555205,-0.37217557,-0.21573927,0.10265098,-0.07388631,-0.11419723,0.070251696,0.5531688,-0.49875727,0.17109498,0.35064012,0.271281,-0.16889738,0.6991348,0.0744337,-0.25736836,0.06041017,0.08939115,-0.13292304,0.027627826,0.2626099,0.003306711,-0.0230101,-0.15771136,0.17170075,-0.91861093,-0.34789854,0.17925723,0.24748014,0.4241626,0.047536265,-0.020506345,-0.06795797,0.11519167,0.0034635696,0.05461439,-0.03680918,-0.027153933,0.3166865,-0.16078629,-0.04806217,0.5023107,-0.024742689
248,0.01954892,0.15152803,-0.092466414,-0.9588031,-0.009553129,-0.22965612,0.059474427,0.2339606,0.2955603,-0.35522375,0.1737204,0.23599249,-0.0065198303,-0.18784909,-0.09541834,-0.060594834,-0.87736195,0.03756146,0.18543419,-0.7489078,-0.07554351,0.35683385,-0.3775362,-0.22673522,0.10225139,-0.06941357,-0.117922,0.07006573,0.5564723,-0.4841502,0.17478547,0.3370763,0.27382287,-0.18006067,0.7016222,0.08005269,-0.2610074,0.058448,0.09353765,-0.12990752,0.03316413,0.27044064,0.0011726235,-0.026657024,-0.16025595,0.17493273,-0.91444916,-0.34275937,0.18519095,0.24529997,0.44197255,0.047446355,-0.019790413,-0.065375134,0.12138236,0.003451997,0.047508452,-0.03358538,-0.030816672,0.3106012,-0.15645903,-0.047152646,0.4993269,-0.024160765
249,0.033802263,0.16717371,-0.09902399,-0.9567181,-0.010474113,-0.26263165,0.066508114,0.23514736,0.2995328,-0.37715417,0.17048316,0.25059468,-0.010199601,-0.21835682,-0.09964825,-0.063204184,-0.8814801,0.039015338,0.19310129,-0.7603924,-0.07736021,0.3702939,-0.40539867,-0.22782655,0.11560113,-0.072243065,-0.11327688,0.06287418,0.5998714,-0.5194944,0.1898153,0.33797973,0.30371803,-0.20024152,0.6798074,0.07686215,-0.2627998,0.058014803,0.1072378,-0.14210247,0.031703737,0.29338795,0.009125026,-0.027253438,-0.14035252,0.20314306,-0.91268146,-0.35143,0.19390954,0.2632121,0.42555803,0.05077962,-0.02577041,-0.06609135,0.11900325,0.0012795206,0.044954576,-0.02288969,-0.028831625,0.321468,-0.16986232,-0.051569235,0.5232159,-0.031423464
250,0.01896104,0.15138382,-0.09616812,-0.95951444,-0.013028095,-0.21316613,0.06440615,0.22285172,0.2928609,-0.34567896,0.17826778,0.2395651,-0.01407849,-0.17033419,-0.09950827,-0.058441017,-0.8776423,0.037334256,0.18403628,-0.74175745,-0.07841921,0.36495334,-0.36959016,-0.23060057,0.10169649,-0.07066712,-0.120074585,0.065346636,0.5553476,-0.495292,0.1681235,0.3365475,0.26574415,-0.1752686,0.69444096,0.08047905,-0.26294053,0.060734734,0.0904776,-0.13391238,0.03294795,0.26594353,0.0015501357,-0.01693603,-0.15432183,0.16737047,-0.9152594,-0.34946626,0.17698106,0.24934512,0.44436416,0.044675853,-0.019849109,-0.06964037,0.12019966,0.0038821986,0.04717846,-0.038666356,-0.023852283,0.3226484,-0.15733029,-0.04844105,0.4996903,-0.0149003565
251,0.028923744,0.15962139,-0.0947607,-0.9617452,-0.012505691,-0.22652406,0.06027873,0.21931943,0.30457377,-0.34291932,0.17489508,0.23696767,-0.013340908,-0.17975627,-0.09596973,-0.06128376,-0.8845235,0.039584342,0.18899404,-0.7513165,-0.07278929,0.35647562,-0.3624065,-0.21818557,0.09785919,-0.073038094,-0.11092295,0.07545512,0.54647166,-0.49257487,0.16907188,0.3471715,0.26275483,-0.16234495,0.692737,0.07186219,-0.26641935,0.06618561,0.09104817,-0.13456814,0.028121205,0.25634077,0.003479124,-0.020949218,-0.16282496,0.16066201,-0.9190167,-0.3516976,0.16940342,0.25403297,0.4308176,0.0458355,-0.020427644,-0.07190648,0.1129321,0.002670089,0.053359337,-0.037508238,-0.025746668,0.31894544,-0.1582295,-0.04862301,0.5010833,-0.020383557
252,0.033065226,0.16056368,-0.09778158,-0.9603918,-0.011775544,-0.25295356,0.059867468,0.2304413,0.30468693,-0.36198974,0.16763926,0.24570695,-0.010075355,-0.21946636,-0.10269384,-0.061747085,-0.8778984,0.039696325,0.18964997,-0.7631067,-0.07847898,0.36377165,-0.38388103,-0.21455748,0.113333635,-0.07119719,-0.11114778,0.06927098,0.580712,-0.49716187,0.18260577,0.33713555,0.28502816,-0.19019724,0.6889254,0.08242294,-0.258704,0.055931117,0.10113652,-0.13687709,0.029547011,0.27669394,0.007079475,-0.027441515,-0.14805268,0.18841343,-0.9154382,-0.34231812,0.1870723,0.24969022,0.42586926,0.048667986,-0.02403007,-0.06544296,0.11966394,0.0029684622,0.04837431,-0.022935962,-0.029487249,0.31143063,-0.16258202,-0.04802206,0.5118904,-0.027125271
253,0.03666604,0.16939715,-0.09376747,-0.9614001,-0.008342262,-0.23658854,0.055922,0.22864783,0.30434087,-0.35180524,0.17533943,0.2431164,-0.015909227,-0.2062454,-0.10827153,-0.064180106,-0.8715218,0.041020848,0.1870508,-0.7603654,-0.06979122,0.3552191,-0.36604986,-0.20902216,0.10238237,-0.0738967,-0.11073647,0.079727404,0.5587845,-0.486107,0.18079896,0.34796873,0.27295205,-0.1706836,0.69898975,0.07122859,-0.25923583,0.059245016,0.10122409,-0.13119924,0.027886264,0.26538157,0.0038000671,-0.033200134,-0.16260579,0.17253914,-0.9210743,-0.34684804,0.1824272,0.24832124,0.425056,0.049769904,-0.02386286,-0.068294495,0.116721995,-0.00019369037,0.055120353,-0.03442615,-0.030174403,0.31515002,-0.16445923,-0.0479548,0.49068713,-0.027282918
254,0.02497891,0.1614764,-0.10006466,-0.96051925,-0.012734433,-0.23329556,0.06536112,0.22632547,0.30123857,-0.36104715,0.17415936,0.2468876,-0.018669162,-0.19648206,-0.10078194,-0.059663586,-0.8745634,0.03874927,0.1841804,-0.7532022,-0.082257025,0.37025243,-0.37999853,-0.22406238,0.10869374,-0.072335705,-0.11346173,0.06661221,0.5864956,-0.49887764,0.18046857,0.3342997,0.27972108,-0.18307924,0.6768166,0.08313452,-0.26310518,0.055688698,0.10403611,-0.13445382,0.034298163,0.27590308,0.0058684093,-0.025301952,-0.1450791,0.1793415,-0.916481,-0.3494265,0.1871083,0.25498736,0.4415385,0.04673583,-0.024964193,-0.06914559,0.1167561,0.0019161865,0.04324648,-0.029352704,-0.026199317,0.31886965,-0.1659045,-0.048239704,0.50959563,-0.020829273
255,0.033906713,0.16286242,-0.09412983,-0.96184367,-0.010191671,-0.24063462,0.05475646,0.2275117,0.30633822,-0.34649032,0.16722122,0.24398743,-0.011122074,-0.2054652,-0.097099274,-0.06243662,-0.8779566,0.041299358,0.1876594,-0.76080745,-0.073470615,0.36181685,-0.36673385,-0.2080165,0.10390709,-0.07332497,-0.107999116,0.082424596,0.55997837,-0.49143156,0.17728992,0.3428225,0.2681558,-0.16956411,0.6985109,0.075752184,-0.26087174,0.060634777,0.0960329,-0.13171591,0.027784621,0.2618405,0.00094620936,-0.029930932,-0.16117913,0.17360026,-0.91919315,-0.34367105,0.17876191,0.24177705,0.42601496,0.04897874,-0.021400947,-0.066813834,0.11788299,0.00041409762,0.05147578,-0.025741987,-0.03297671,0.31525993,-0.15907373,-0.04658949,0.49756467,-0.024053777
256,0.033580136,0.16685499,-0.09353347,-0.9588314,-0.0069195093,-0.24647608,0.061226685,0.22604455,0.3028686,-0.3526736,0.17066585,0.2473914,-0.01602075,-0.19861004,-0.101690784,-0.061977938,-0.8751328,0.039499443,0.18264806,-0.7514387,-0.07195059,0.36610967,-0.3853095,-0.21733809,0.105073474,-0.07559152,-0.11063719,0.07497476,0.5727687,-0.5039516,0.1817997,0.34344113,0.28021166,-0.17681552,0.69309217,0.07094858,-0.25859666,0.05776305,0.10296318,-0.13068372,0.031116929,0.27559918,0.0022895932,-0.02978429,-0.15749115,0.17687714,-0.91581136,-0.34824803,0.1831966,0.25277418,0.4197694,0.048712224,-0.02379978,-0.06904275,0.11546357,0.00071310357,0.049028173,-0.03348971,-0.027894843,0.32181868,-0.16497591,-0.04979036,0.5015606,-0.02625994
257,0.023349129,0.15916173,-0.10153869,-0.9544978,-0.010431292,-0.2315629,0.065525636,0.2327205,0.2900015,-0.37011722,0.17406571,0.25171188,-0.017774737,-0.19508469,-0.10729848,-0.060772546,-0.8728344,0.037624557,0.18306734,-0.7515701,-0.08272625,0.3725688,-0.39325947,-0.23125632,0.11128845,-0.07108977,-0.119145654,0.05955973,0.59659016,-0.50736576,0.18296878,0.32888514,0.28935504,-0.18996984,0.681913,0.08373922,-0.26176792,0.053659335,0.107612714,-0.13339123,0.037385434,0.28908092,0.0015561087,-0.027945556,-0.14304474,0.18921275,-0.91577524,-0.35119775,0.19819114,0.25384164,0.44538933,0.04818561,-0.024836587,-0.067938395,0.12352485,0.0009898965,0.047501694,-0.030638115,-0.028032992,0.32178128,-0.16607155,-0.04859732,0.51134,-0.022427559
258,0.03576894,0.16882701,-0.09661332,-0.9596522,-0.010127718,-0.23848054,0.06138469,0.22161594,0.30605987,-0.3549922,0.17185526,0.24195223,-0.01633843,-0.20293109,-0.10684625,-0.06485456,-0.88142693,0.03917492,0.1891495,-0.7540774,-0.07178289,0.35810927,-0.37506703,-0.21717322,0.105001934,-0.077855095,-0.1120325,0.071407616,0.55934983,-0.49925622,0.17815018,0.34797582,0.27940184,-0.17605916,0.69020027,0.066578,-0.2650557,0.062368058,0.09965398,-0.13878429,0.029517796,0.27185833,0.007708558,-0.027376048,-0.15706359,0.17607,-0.9189538,-0.35112125,0.17823838,0.26496914,0.421261,0.048588715,-0.025723545,-0.0711546,0.11389127,0.001886823,0.05316782,-0.035279527,-0.025824549,0.3133025,-0.16400881,-0.0501487,0.5027019,-0.027241973
259,0.03745266,0.17196874,-0.097534314,-0.9556858,-0.0072440836,-0.24252489,0.059753053,0.240789,0.29831707,-0.36664262,0.1788819,0.25243998,-0.010546346,-0.20866638,-0.10135222,-0.06489043,-0.8665526,0.040736586,0.18742505,-0.75838023,-0.07052128,0.3598768,-0.3917542,-0.22272584,0.10937883,-0.07223762,-0.1158265,0.071019776,0.58170784,-0.5087806,0.19019808,0.34751937,0.2970301,-0.1885162,0.69459265,0.0731217,-0.25441,0.055383436,0.101733014,-0.13239321,0.03045775,0.28588936,0.0055604135,-0.03505191,-0.15539688,0.19570836,-0.9167874,-0.35572058,0.19532755,0.25697008,0.42506683,0.053741287,-0.024706151,-0.06837833,0.12014208,-0.00042553534,0.051217705,-0.03164147,-0.02969733,0.3245199,-0.16962434,-0.048914954,0.50380844,-0.032549806
260,0.033200752,0.16411386,-0.10055703,-0.95968163,-0.0129951555,-0.24685846,0.06332528,0.23132111,0.3019857,-0.36344275,0.17267168,0.24883129,-0.010900664,-0.21373999,-0.103202865,-0.0611097,-0.8731953,0.04009369,0.1873026,-0.75882477,-0.07887116,0.36647204,-0.38733965,-0.2152854,0.1122403,-0.07201375,-0.112344526,0.065943114,0.58780515,-0.5022712,0.18411124,0.34012896,0.288268,-0.19078027,0.6860994,0.082722045,-0.25573236,0.05383021,0.10140223,-0.13560335,0.030562561,0.27767327,0.008617261,-0.026883261,-0.14576134,0.18631814,-0.9149507,-0.34999442,0.1897282,0.2536355,0.42529476,0.049138546,-0.025065409,-0.06772757,0.118458524,0.0032113185,0.049082063,-0.02598005,-0.027428983,0.3192013,-0.16820425,-0.047600072,0.5139685,-0.025652487
261,0.031866338,0.16393563,-0.10849105,-0.95583594,-0.014686168,-0.23719054,0.05801157,0.23012803,0.29832953,-0.35983926,0.16853218,0.24998139,-0.01687595,-0.21756877,-0.1105482,-0.063248135,-0.8707447,0.041804425,0.18880388,-0.76469827,-0.07966194,0.36171514,-0.372303,-0.20800667,0.11183833,-0.07071552,-0.11211961,0.07086763,0.57983744,-0.4952714,0.1805781,0.33429468,0.2781159,-0.17844887,0.6861762,0.08308398,-0.2565884,0.054401353,0.10073882,-0.13503121,0.028748091,0.27000022,0.0029113055,-0.031612504,-0.14759779,0.1825178,-0.9219505,-0.34511665,0.19001767,0.24906063,0.4279799,0.04901871,-0.024230042,-0.0683064,0.12391769,0.0016921123,0.053372785,-0.025736574,-0.030161811,0.3156573,-0.16709667,-0.046569552,0.50548,-0.024235016
262,0.028007425,0.16548628,-0.095365845,-0.95946354,-0.008801192,-0.23954396,0.06582213,0.24017186,0.29144385,-0.38401103,0.18062076,0.24772722,-0.013722307,-0.21023454,-0.10489995,-0.061676454,-0.87698674,0.038043465,0.19248225,-0.7631145,-0.08082677,0.370531,-0.3933815,-0.23336938,0.109938286,-0.07046896,-0.115849435,0.06685677,0.60069895,-0.49979135,0.19431321,0.33132985,0.298341,-0.19844672,0.6811689,0.079885535,-0.2705614,0.05737639,0.112298675,-0.13717018,0.037969552,0.29214957,0.005485924,-0.03242361,-0.15041918,0.19758251,-0.91591394,-0.35763,0.2008947,0.2568568,0.45020834,0.051280573,-0.02727366,-0.068803675,0.1235879,-0.0008418912,0.04937188,-0.024572957,-0.033136673,0.31978357,-0.16503578,-0.048945058,0.5104113,-0.028414905
263,0.031776354,0.16074577,-0.096037135,-0.9574927,-0.009545541,-0.24074997,0.056728244,0.23277868,0.30256012,-0.34918532,0.16867489,0.24468404,-0.009106087,-0.19366427,-0.09743778,-0.06380433,-0.87784505,0.04041684,0.18849027,-0.75582904,-0.07351672,0.3562222,-0.3780292,-0.21664764,0.10456317,-0.07200228,-0.112087816,0.076540284,0.56312984,-0.4961189,0.17836425,0.34355378,0.27596,-0.1694325,0.696283,0.07431683,-0.2614128,0.059686493,0.09390583,-0.13104306,0.02881176,0.26575363,-0.0007370177,-0.028695153,-0.16274264,0.17800759,-0.9187618,-0.34672,0.18367317,0.24652374,0.4284249,0.049317107,-0.0203168,-0.06824615,0.11803643,0.0018527845,0.054528717,-0.030975327,-0.03231365,0.31695777,-0.16063267,-0.047222655,0.5025051,-0.027795766
264,0.032985177,0.16538095,-0.09961336,-0.9563636,-0.010847796,-0.25361973,0.066412985,0.23202197,0.29911307,-0.37074548,0.17170858,0.24849442,-0.011560126,-0.20738259,-0.10144025,-0.0632777,-0.8806047,0.038579077,0.19113462,-0.75438374,-0.0766291,0.36561587,-0.40130347,-0.22831611,0.11252464,-0.07253073,-0.116248496,0.05906882,0.590514,-0.51778185,0.18384399,0.3434359,0.3007731,-0.19536905,0.68049836,0.07613141,-0.2607761,0.058325674,0.10425191,-0.14189057,0.030243782,0.2898803,0.011301824,-0.02462093,-0.14011274,0.19609305,-0.9138125,-0.3525175,0.19222078,0.26523584,0.42439017,0.049388,-0.024824822,-0.066251725,0.116764694,0.0029631103,0.04680357,-0.030019175,-0.026106544,0.32091343,-0.17094056,-0.05197446,0.52079785,-0.030945536
265,0.029327136,0.16115376,-0.09239737,-0.96248585,-0.011487903,-0.23328692,0.06106857,0.22138284,0.30408186,-0.34853864,0.17536497,0.23795567,-0.012036451,-0.18639566,-0.09241193,-0.059845105,-0.884322,0.039979924,0.18873817,-0.7546273,-0.07262118,0.36330518,-0.36779994,-0.21842001,0.09876725,-0.07369676,-0.10819364,0.07971429,0.5550727,-0.49403855,0.17346446,0.3450216,0.26485816,-0.16743293,0.69374466,0.07304697,-0.26657793,0.06607796,0.094172865,-0.13283297,0.029881058,0.25896472,0.0027724127,-0.023514694,-0.1631675,0.16280726,-0.9167691,-0.35212612,0.17079563,0.25243682,0.431523,0.047099877,-0.02139614,-0.07165759,0.11421351,0.0013641774,0.051111024,-0.03303387,-0.027330274,0.32175258,-0.15812773,-0.048288625,0.5026028,-0.019029396
266,0.03524666,0.16833717,-0.09888967,-0.9604515,-0.010549191,-0.23619466,0.05819083,0.23021771,0.30013618,-0.35257477,0.17226665,0.24770764,-0.01643815,-0.21057753,-0.108723566,-0.06409507,-0.86989725,0.041615166,0.18612538,-0.76132774,-0.07264138,0.36017787,-0.36890596,-0.20858367,0.10744845,-0.07372703,-0.112983495,0.07929924,0.5671664,-0.48847955,0.18149914,0.33818918,0.2728478,-0.17406069,0.6977052,0.074184895,-0.25682867,0.055910055,0.10016886,-0.13123564,0.02947504,0.26466453,0.0010320552,-0.03307048,-0.15755767,0.17651977,-0.92131114,-0.343111,0.18564491,0.24629262,0.4221042,0.04953627,-0.023578353,-0.06818435,0.12168403,0.0006336411,0.053680457,-0.029992104,-0.031391006,0.31583437,-0.16428699,-0.047369562,0.49117664,-0.025143102
267,0.036334887,0.16727841,-0.09570471,-0.96073467,-0.01092064,-0.25214386,0.060855065,0.23098399,0.30669206,-0.3649295,0.17308618,0.24701622,-0.011150158,-0.21421355,-0.1024612,-0.061772544,-0.8764163,0.039856903,0.19015846,-0.760942,-0.07761771,0.3648338,-0.38588902,-0.21698469,0.11018811,-0.07266044,-0.10980968,0.068134345,0.58535486,-0.5023101,0.18661946,0.3449927,0.290293,-0.18951893,0.6840137,0.0788594,-0.26142204,0.057011317,0.10398063,-0.13780399,0.029680297,0.2802133,0.010114586,-0.028152054,-0.15000358,0.18788607,-0.914811,-0.35345694,0.18736576,0.2565906,0.42841426,0.049813267,-0.025191925,-0.06819913,0.11455987,0.0024172661,0.048523072,-0.025161875,-0.028384019,0.31834581,-0.16745116,-0.048533455,0.51478624,-0.02913302
268,0.03832012,0.17072502,-0.09683472,-0.95910144,-0.008791328,-0.23298016,0.05639443,0.23058678,0.30256343,-0.35505372,0.17687877,0.24834104,-0.015063704,-0.20560387,-0.10401784,-0.06410773,-0.8667291,0.040927023,0.18498363,-0.7568101,-0.07044133,0.35778022,-0.37392524,-0.21379223,0.10568756,-0.073341295,-0.114696644,0.07259983,0.56484336,-0.50053096,0.18083161,0.35218292,0.28324425,-0.18081108,0.6968251,0.0733687,-0.25328332,0.057169706,0.09989751,-0.13332644,0.027274389,0.2768957,0.008327767,-0.032871414,-0.15510698,0.18155372,-0.9191717,-0.35231408,0.18634939,0.25435194,0.42154762,0.05084214,-0.023811655,-0.066779345,0.11703524,0.0008045057,0.051869385,-0.03503529,-0.027471878,0.3201458,-0.1682661,-0.048376136,0.49698395,-0.028098522
269,0.02725232,0.16316386,-0.09200017,-0.9572923,-0.006007935,-0.22188744,0.06231323,0.23140167,0.29152465,-0.3588028,0.18066959,0.24524295,-0.017856086,-0.18235193,-0.11043574,-0.06242486,-0.87112325,0.036957256,0.18159913,-0.7430611,-0.073346674,0.36294252,-0.3839188,-0.2308192,0.10179941,-0.07286999,-0.12090634,0.06340583,0.571292,-0.50047654,0.17987324,0.34255502,0.28598565,-0.1820691,0.6943573,0.07195768,-0.26071635,0.05715522,0.103627525,-0.13184068,0.03446559,0.28537557,0.0040439535,-0.027804738,-0.15461409,0.18099353,-0.91670924,-0.35395026,0.19230235,0.25475207,0.44032803,0.04847584,-0.024110978,-0.06837285,0.118589796,0.0011351502,0.049857512,-0.04258041,-0.026882522,0.32167748,-0.165122,-0.050620362,0.4960263,-0.02623986
270,0.024984894,0.16759692,-0.09303036,-0.9587389,-0.010100644,-0.21063572,0.06388449,0.23176402,0.2900695,-0.36314073,0.19443944,0.24130015,-0.018505849,-0.17599878,-0.11374124,-0.062588245,-0.8706647,0.038087618,0.18619218,-0.75058746,-0.06942794,0.36049053,-0.37192914,-0.23100394,0.10020928,-0.07144787,-0.122497946,0.06562325,0.56526554,-0.49313623,0.17829494,0.3445322,0.27660584,-0.17668293,0.6991158,0.071757294,-0.2625616,0.061693102,0.09947679,-0.13544379,0.03446324,0.27153516,0.0066838902,-0.024573606,-0.15662679,0.17354384,-0.9193978,-0.35971966,0.18415938,0.26122147,0.44572678,0.049002882,-0.024599887,-0.07164168,0.11903247,-0.00022048465,0.052899174,-0.046498686,-0.022540472,0.32603982,-0.16464013,-0.049793195,0.49347836,-0.020631665
271,0.03377444,0.15987983,-0.0930969,-0.96236646,-0.0108359,-0.2336726,0.05338723,0.22335406,0.30732197,-0.33920935,0.16846362,0.24069132,-0.01222382,-0.19203469,-0.09727614,-0.062458348,-0.8783437,0.04053175,0.18651363,-0.75511897,-0.073234946,0.35688177,-0.36107707,-0.20849574,0.1007224,-0.07324711,-0.1099407,0.07894616,0.5481596,-0.4876839,0.17143457,0.34716347,0.2636508,-0.16435479,0.6998615,0.074917324,-0.2612068,0.06135974,0.09227912,-0.13184826,0.026794763,0.25793815,0.0018833679,-0.026784431,-0.16310343,0.16615635,-0.9194031,-0.34401092,0.17522453,0.24098733,0.42563725,0.047352068,-0.020188665,-0.06693911,0.11521516,0.0024128053,0.05372942,-0.031059416,-0.031254355,0.31376642,-0.15806478,-0.046592124,0.4950897,-0.023141721
272,0.028959967,0.16580671,-0.0928336,-0.95733005,-0.0066013965,-0.22271852,0.05938389,0.23578209,0.29090267,-0.3697712,0.18313281,0.24115312,-0.016993765,-0.19153361,-0.11278068,-0.06561442,-0.8756182,0.037328072,0.18933679,-0.75409967,-0.07282394,0.3553813,-0.37846643,-0.22994433,0.10104001,-0.07087146,-0.11952231,0.06784636,0.5686118,-0.49155295,0.18319844,0.34032166,0.28669026,-0.17928486,0.693772,0.06882309,-0.2696892,0.061056387,0.106064335,-0.13436326,0.034835473,0.28487438,0.0025356277,-0.032384384,-0.16200802,0.18246426,-0.9198077,-0.35602352,0.19290999,0.25815624,0.44694826,0.050051942,-0.024918329,-0.069296114,0.120962225,-0.00027445325,0.05767946,-0.040303238,-0.031227298,0.3167073,-0.16269732,-0.04941503,0.49591222,-0.02895315
273,0.03282155,0.16487502,-0.10606349,-0.9601835,-0.014681294,-0.242301,0.059175394,0.22896275,0.3015317,-0.35901013,0.16763718,0.2507975,-0.016272523,-0.22132893,-0.10883555,-0.062735684,-0.87387156,0.04149238,0.1891273,-0.76671344,-0.08094321,0.36606473,-0.37293473,-0.20606595,0.113834955,-0.07170786,-0.110025354,0.071227655,0.58684987,-0.49789163,0.18197066,0.333779,0.27981576,-0.18095747,0.6814735,0.083568715,-0.25867522,0.05427216,0.10336534,-0.13665088,0.02928529,0.27077615,0.005685911,-0.030296113,-0.14633384,0.18273188,-0.92083293,-0.34566453,0.18808867,0.2485687,0.42847058,0.048154112,-0.023972226,-0.06740544,0.120403826,0.0024493602,0.05298884,-0.023000214,-0.03003723,0.3149742,-0.16717899,-0.0464063,0.5103325,-0.024185752
274,0.02683154,0.16047639,-0.09986947,-0.95760196,-0.011498077,-0.22449917,0.06291407,0.23522343,0.29064175,-0.37419787,0.17951718,0.24457316,-0.015353534,-0.19622266,-0.10973024,-0.062744804,-0.8767025,0.03718834,0.19057477,-0.7550299,-0.08141513,0.3622874,-0.38410544,-0.23042348,0.10620967,-0.069459155,-0.119150735,0.058454297,0.585595,-0.4991817,0.18314765,0.33640796,0.29266384,-0.1895049,0.6811038,0.07941871,-0.2682821,0.057402357,0.10519771,-0.13823426,0.034935858,0.28854388,0.0068438784,-0.027921863,-0.14994067,0.18875203,-0.917468,-0.35890263,0.19698282,0.2579459,0.44912362,0.04881644,-0.02527046,-0.06918961,0.121205896,0.0025061513,0.054719195,-0.032954108,-0.029348966,0.31735456,-0.16527222,-0.04843453,0.5101895,-0.026543235
275,0.034878414,0.16913928,-0.09565028,-0.95716155,-0.007251425,-0.24416149,0.058055703,0.2374354,0.3004844,-0.35929835,0.17546819,0.246432,-0.012828204,-0.20238127,-0.107062906,-0.065889515,-0.8718473,0.04054689,0.1883937,-0.7596158,-0.07045308,0.3546348,-0.38221428,-0.21715438,0.10626715,-0.07236933,-0.113527,0.07604936,0.5717991,-0.49394247,0.18713652,0.34331426,0.2841534,-0.17427796,0.69616395,0.07065251,-0.25992644,0.057044104,0.1007852,-0.1312084,0.030308979,0.2722875,0.00064885285,-0.033764873,-0.16291682,0.18426663,-0.9200694,-0.34855518,0.18956037,0.25160092,0.42697793,0.05134295,-0.023432035,-0.0693539,0.11861332,-0.00012546573,0.055528905,-0.03356622,-0.031552885,0.3174681,-0.16569531,-0.04817151,0.49811018,-0.031925425
276,0.033319965,0.16878061,-0.09581995,-0.9576744,-0.0072728903,-0.24303874,0.059552345,0.23706394,0.2994872,-0.3592018,0.17544031,0.24692422,-0.0128463935,-0.1991379,-0.10518973,-0.06506661,-0.87116367,0.040589787,0.18655574,-0.75817186,-0.07038194,0.35703477,-0.3842053,-0.2159058,0.10549021,-0.07300681,-0.1136748,0.077284016,0.57422525,-0.4939596,0.18654154,0.34259164,0.28267723,-0.17387117,0.6967751,0.0718275,-0.25823918,0.05599134,0.10158831,-0.12899207,0.031563662,0.2710092,0.00040375837,-0.033582658,-0.16196606,0.18057004,-0.91937536,-0.34851846,0.1902631,0.2502311,0.42661244,0.05109815,-0.023506511,-0.06954355,0.118758105,-0.00012718471,0.05545059,-0.034191623,-0.031233145,0.31899688,-0.16659886,-0.0472603,0.49774748,-0.030077392
277,0.03569771,0.16946958,-0.09636193,-0.9571278,-0.0073290574,-0.24182573,0.058223378,0.23714173,0.29984814,-0.3593841,0.17514163,0.24700479,-0.013072952,-0.20280501,-0.10766435,-0.06586355,-0.8717531,0.040662438,0.18895413,-0.75933623,-0.0704334,0.35472956,-0.38189992,-0.21758272,0.1053718,-0.07266433,-0.113329865,0.07617026,0.5714794,-0.49517873,0.18635638,0.34436518,0.28447428,-0.17367412,0.6954496,0.070185676,-0.26023677,0.057510734,0.10129377,-0.13090669,0.030195262,0.27294904,0.00063956913,-0.03399867,-0.1627287,0.18339202,-0.9203536,-0.3503793,0.19001329,0.25207362,0.4279036,0.05140479,-0.023365691,-0.06975227,0.118794754,-6.65141e-05,0.056727644,-0.03444946,-0.031476893,0.31849858,-0.16618878,-0.048378047,0.49828762,-0.031785186
278,0.027663006,0.1607633,-0.099973425,-0.95963037,-0.012655639,-0.22613429,0.061610505,0.22658615,0.29702872,-0.36189175,0.17527401,0.24752095,-0.01926314,-0.19785708,-0.11098474,-0.061326064,-0.87452495,0.038239952,0.18594308,-0.7550324,-0.08236487,0.367384,-0.37559137,-0.2236875,0.108795255,-0.071951136,-0.11602141,0.063139156,0.5827906,-0.49921015,0.17908059,0.3345743,0.28160736,-0.1844519,0.68067664,0.08219042,-0.26518148,0.056651853,0.10421141,-0.13645534,0.03388413,0.27924243,0.006040596,-0.02657324,-0.14619817,0.18337005,-0.918691,-0.35083687,0.18924262,0.25395596,0.4438028,0.04716607,-0.025652347,-0.06857772,0.11924197,0.002119655,0.048276115,-0.03063935,-0.0269959,0.3173954,-0.16351032,-0.04855015,0.507139,-0.021413552
279,0.03331975,0.16368774,-0.10364174,-0.95900106,-0.013761351,-0.24249966,0.05767322,0.23046206,0.30275744,-0.3602293,0.16789865,0.24872138,-0.013908289,-0.22255275,-0.10519338,-0.06236047,-0.87221426,0.04134445,0.18873428,-0.76531255,-0.08036286,0.36295676,-0.37283993,-0.20789315,0.11138747,-0.07045442,-0.11025541,0.07289385,0.5794532,-0.49369875,0.18197076,0.334001,0.27915817,-0.1824673,0.6869347,0.083027355,-0.257916,0.054526888,0.10133022,-0.13471226,0.028743017,0.27320197,0.0038552715,-0.031754784,-0.15008543,0.18309589,-0.91898876,-0.3457454,0.18750736,0.24784364,0.4283077,0.049015917,-0.023784729,-0.06745799,0.12207024,0.0022901325,0.05161772,-0.022252282,-0.031714078,0.31519702,-0.16537237,-0.04598439,0.50713223,-0.024645567
280,0.033427373,0.16878553,-0.09739459,-0.95746386,-0.007281639,-0.24685189,0.06144922,0.22949247,0.30071577,-0.3558583,0.16959043,0.2508754,-0.015926184,-0.2049754,-0.104445204,-0.06323085,-0.8746982,0.04011614,0.18445414,-0.7550634,-0.072276205,0.36716336,-0.3863873,-0.21625789,0.10738304,-0.074933544,-0.11046751,0.07549477,0.57927144,-0.5076878,0.18453716,0.33871874,0.28329155,-0.17706491,0.6906193,0.07115211,-0.2587303,0.05704407,0.10381493,-0.13161565,0.031122949,0.27729386,0.00055338943,-0.031566087,-0.15537357,0.18324468,-0.9176144,-0.34773245,0.1868714,0.2524004,0.4209551,0.04972537,-0.024495494,-0.06950461,0.11845548,-0.00049094524,0.04875255,-0.030226845,-0.02972538,0.32276434,-0.16575842,-0.049955845,0.5024895,-0.027807727
281,0.043868456,0.1786803,-0.09720512,-0.95687884,-0.008721393,-0.24886309,0.059179064,0.2375608,0.29489097,-0.3869749,0.17700416,0.24594148,-0.014849803,-0.21856993,-0.095047764,-0.06627447,-0.8811826,0.04059765,0.19844292,-0.76875585,-0.07238453,0.35721263,-0.3909469,-0.22501439,0.102210075,-0.07193448,-0.1095434,0.08407603,0.58402735,-0.50157756,0.19173507,0.33612806,0.2968586,-0.18409888,0.68451774,0.06447898,-0.27501807,0.062279258,0.11324353,-0.1337178,0.033949304,0.29258844,0.003200287,-0.043843348,-0.16907316,0.18666866,-0.917406,-0.36658677,0.1925489,0.26783308,0.4313057,0.054598745,-0.025130121,-0.07112961,0.12042758,-0.0018655856,0.060573947,-0.028015045,-0.036349565,0.3260849,-0.16772804,-0.048139416,0.509828,-0.030533377
282,0.033135865,0.16613843,-0.1012111,-0.95618594,-0.009283055,-0.23761094,0.058982894,0.22917506,0.2987278,-0.35835108,0.17093448,0.24598984,-0.01659259,-0.20279308,-0.10736988,-0.06613291,-0.8764568,0.040321894,0.18952152,-0.7585743,-0.07215785,0.35656124,-0.3771753,-0.21588369,0.10461712,-0.07380894,-0.11266977,0.07534701,0.5664731,-0.49542606,0.18020912,0.34103096,0.2767197,-0.17118989,0.69435334,0.070286684,-0.26241896,0.059945613,0.10074558,-0.13255411,0.03147886,0.27095565,-0.00089317665,-0.033023037,-0.1607371,0.1755059,-0.9215247,-0.34923518,0.18632446,0.25341576,0.42838165,0.049976334,-0.023688192,-0.07072837,0.120741956,-1.267925e-05,0.0592709,-0.035015266,-0.030296084,0.3166963,-0.16420618,-0.04812079,0.49965477,-0.02684594
283,0.03504028,0.1696221,-0.09438596,-0.9581376,-0.0069193463,-0.24536636,0.058159642,0.23746757,0.30063966,-0.36105484,0.17622483,0.24521308,-0.012381555,-0.20357734,-0.10612523,-0.065439,-0.8727152,0.04045625,0.18941775,-0.76105505,-0.07028484,0.35485512,-0.3817442,-0.2165195,0.105495974,-0.072210446,-0.11231662,0.078378655,0.57148635,-0.49182498,0.1878017,0.34229082,0.28365147,-0.17434524,0.69583637,0.07053377,-0.26205388,0.057815123,0.10225478,-0.13075687,0.030639844,0.2724558,0.00054737244,-0.034431152,-0.16451007,0.18262994,-0.9195251,-0.34827888,0.18905908,0.25090018,0.4289193,0.051389407,-0.02367364,-0.0696427,0.118927605,-0.0005962607,0.05575219,-0.032496184,-0.03253845,0.3175473,-0.1652158,-0.047906827,0.497616,-0.03158293
284,0.030501645,0.16369592,-0.09918849,-0.9538725,-0.009000477,-0.21624361,0.060224123,0.23778635,0.2868004,-0.3739143,0.18318093,0.24586661,-0.01512401,-0.19808747,-0.11102576,-0.06491569,-0.86882126,0.03724038,0.18777168,-0.7507024,-0.07484936,0.35589603,-0.3846095,-0.23536317,0.10596449,-0.06929835,-0.12426694,0.057645056,0.5724649,-0.5020079,0.18202871,0.34190977,0.29540753,-0.19428125,0.69528043,0.0734937,-0.26172853,0.05721159,0.10150967,-0.13646829,0.034174804,0.29580384,0.0059062196,-0.031913072,-0.15359236,0.19376774,-0.9177325,-0.35936648,0.19868799,0.26201975,0.44300193,0.051233556,-0.024869103,-0.06824173,0.1253938,0.0015083615,0.055779662,-0.040029317,-0.028085064,0.31905824,-0.16527545,-0.049695197,0.5004394,-0.027790213
285,0.035532333,0.16270496,-0.09434619,-0.95699203,-0.005836213,-0.26043063,0.060914267,0.23057905,0.30256346,-0.3716994,0.16394216,0.242906,-0.004469754,-0.2231562,-0.092734255,-0.063030854,-0.88207036,0.038408317,0.19502757,-0.75751436,-0.07338619,0.3585415,-0.39645585,-0.23143597,0.10787725,-0.07787355,-0.11602105,0.066675134,0.5636215,-0.5110895,0.18611798,0.35107645,0.30383536,-0.20596643,0.68489873,0.07128411,-0.26315454,0.061748184,0.101936184,-0.1398619,0.029129995,0.29756385,0.0143247,-0.033094134,-0.15150997,0.19699846,-0.91150385,-0.3532408,0.18566005,0.2647866,0.42691204,0.05047684,-0.026265483,-0.064256765,0.116270676,0.0030441452,0.042789232,-0.028199218,-0.028026953,0.31251693,-0.16812177,-0.05389831,0.5143303,-0.03699641
286,0.023451924,0.16210225,-0.095592484,-0.96042675,-0.012962089,-0.22571474,0.065940954,0.23075046,0.2927371,-0.3748736,0.18615462,0.23971131,-0.016900783,-0.18901938,-0.104348026,-0.0599405,-0.88040787,0.037661742,0.19139148,-0.7598612,-0.08033092,0.36516044,-0.37758386,-0.23286997,0.10443814,-0.06944514,-0.11608349,0.06691402,0.58189136,-0.491628,0.18213123,0.3323302,0.2805636,-0.18255505,0.6806719,0.07974798,-0.27379656,0.06162299,0.10527132,-0.13730824,0.036860846,0.27675095,0.0055049206,-0.025352294,-0.15454216,0.1774174,-0.9167695,-0.35813084,0.18476029,0.26068237,0.4536111,0.047354728,-0.024551813,-0.07193552,0.11904931,0.0009674565,0.051579967,-0.032566864,-0.026285982,0.32018667,-0.16116263,-0.048128806,0.50892305,-0.019948728
287,0.025156254,0.15264113,-0.09679851,-0.9603683,-0.012620363,-0.21050078,0.055338264,0.22277582,0.2973557,-0.34929776,0.1737701,0.2344972,-0.014732794,-0.19074325,-0.10689706,-0.06274352,-0.8793262,0.037758775,0.18907003,-0.751664,-0.0763117,0.3513241,-0.35476497,-0.2203031,0.09866906,-0.07105381,-0.11648625,0.06982987,0.5391828,-0.47839433,0.16668369,0.34182242,0.2623606,-0.17014137,0.6996132,0.076183036,-0.26778367,0.06349805,0.09071646,-0.13493882,0.030778818,0.26332974,0.002021256,-0.025504155,-0.16261862,0.1674661,-0.9215445,-0.34627694,0.1775506,0.24805722,0.4451965,0.046336412,-0.022058723,-0.068072036,0.120777875,0.0032001757,0.05609211,-0.037937596,-0.028538572,0.3077059,-0.15467006,-0.04761543,0.49188557,-0.020137168
288,0.03240856,0.16302699,-0.10647674,-0.9563413,-0.013307363,-0.24306627,0.06126729,0.22961661,0.29965955,-0.36477968,0.16753304,0.24930571,-0.014893299,-0.21692495,-0.10620491,-0.06366711,-0.87832314,0.040181678,0.19210762,-0.7627639,-0.080097064,0.3625485,-0.38215438,-0.21652015,0.11079691,-0.07155055,-0.110833004,0.06690991,0.5844014,-0.5045183,0.18229312,0.33710524,0.28696486,-0.18281747,0.67889196,0.07916015,-0.26297614,0.057280518,0.10247299,-0.13797969,0.030033367,0.27896118,0.0052164136,-0.029976439,-0.1490458,0.18604586,-0.9196932,-0.35204816,0.18970028,0.25642407,0.43123543,0.04897823,-0.024340317,-0.069529615,0.12015397,0.0024780289,0.05500227,-0.026696147,-0.029106231,0.31633216,-0.16682348,-0.04838841,0.5157612,-0.0270255
289,0.03151027,0.16385072,-0.10443698,-0.9557272,-0.012291968,-0.24505296,0.06156438,0.23783767,0.29918978,-0.36561087,0.16998345,0.2517017,-0.011010498,-0.21280761,-0.104207925,-0.0632551,-0.8729543,0.04063358,0.18926239,-0.76139265,-0.07932483,0.36231282,-0.38918287,-0.21716061,0.1116289,-0.070338055,-0.113310196,0.06825476,0.5916531,-0.50452733,0.18656236,0.33623293,0.29076135,-0.18354379,0.6823844,0.08079243,-0.25806686,0.05341279,0.10137717,-0.13357192,0.030579632,0.2783407,0.003590324,-0.03127568,-0.14932747,0.19069365,-0.9178713,-0.35163012,0.19481866,0.252977,0.43059263,0.05010333,-0.02365849,-0.06879172,0.12033224,0.0024114097,0.052653037,-0.026013147,-0.030954026,0.31922862,-0.16867734,-0.04673578,0.51386964,-0.029243026
290,0.029093515,0.15988061,-0.10228003,-0.95398444,-0.010749357,-0.25563276,0.0637762,0.23959261,0.29715005,-0.36931327,0.1686278,0.25195256,-0.007998302,-0.21224654,-0.10290554,-0.063594416,-0.87702864,0.039481316,0.19030091,-0.76066244,-0.07772695,0.3646019,-0.40267596,-0.2244917,0.11619274,-0.07043693,-0.11516232,0.06346171,0.5958252,-0.5121664,0.18742608,0.3349666,0.2978401,-0.19198352,0.68540865,0.08205531,-0.25718778,0.054224923,0.10159746,-0.1357338,0.03219292,0.28407356,0.0045171916,-0.028340083,-0.1441821,0.1995123,-0.91564554,-0.34631974,0.19802123,0.25355676,0.4292925,0.050223496,-0.023405274,-0.06636555,0.12218526,0.0029753183,0.04907432,-0.02497919,-0.029069085,0.3162518,-0.165985,-0.04904542,0.51956683,-0.03108523
291,0.033051763,0.1621249,-0.10615285,-0.9577445,-0.014004277,-0.2444298,0.06167006,0.22887485,0.30057138,-0.36486468,0.16636766,0.24894314,-0.014140839,-0.22059394,-0.10534941,-0.062866464,-0.87884825,0.039995715,0.19228412,-0.76280445,-0.08133673,0.3645258,-0.38205904,-0.21541032,0.111406215,-0.071706764,-0.1099982,0.066464655,0.5857895,-0.5042433,0.18213893,0.3361947,0.2866943,-0.18529452,0.67805654,0.08021889,-0.26308602,0.05661788,0.10203076,-0.1387631,0.030266758,0.2797276,0.006076607,-0.028899277,-0.14832418,0.18581903,-0.9183725,-0.35186508,0.18864334,0.25521967,0.43129972,0.04844566,-0.024096413,-0.06912418,0.11972963,0.0032044244,0.05460768,-0.024725717,-0.029127613,0.31570965,-0.16685618,-0.04795361,0.51736206,-0.026088253
292,0.020854706,0.16238216,-0.09535181,-0.9598509,-0.010851902,-0.23236404,0.068465896,0.23263915,0.29350764,-0.37017453,0.18510227,0.24517637,-0.016398704,-0.18917388,-0.1029171,-0.058519747,-0.87537146,0.037888255,0.18702188,-0.7554151,-0.080364116,0.37415248,-0.38606244,-0.23342489,0.10819839,-0.06970717,-0.11638387,0.06506901,0.59214777,-0.50139576,0.18601216,0.33145705,0.28568828,-0.18990697,0.6800011,0.08300297,-0.26595134,0.057879653,0.106339455,-0.13613911,0.03602215,0.2806525,0.0059958873,-0.024868654,-0.14743115,0.18479648,-0.9141449,-0.35517463,0.18864733,0.25758874,0.4487015,0.04800087,-0.024948241,-0.07044161,0.11965575,0.00030355935,0.042072125,-0.029372431,-0.025754761,0.3265394,-0.16424116,-0.049378905,0.509434,-0.020662127
293,0.036000285,0.16687132,-0.10167876,-0.95420647,-0.009720496,-0.23646435,0.0589378,0.23858134,0.29645064,-0.36248633,0.17616974,0.2507943,-0.011174153,-0.2077859,-0.10437706,-0.0649652,-0.86493117,0.040433966,0.18685827,-0.7554026,-0.0723286,0.3552748,-0.38722163,-0.22134125,0.11005672,-0.070589595,-0.11845074,0.0668602,0.57388777,-0.5038585,0.18476778,0.34526533,0.2919016,-0.18777749,0.6967679,0.075334646,-0.2521839,0.05364063,0.09624234,-0.13303806,0.0296249,0.28242964,0.0045745773,-0.03304847,-0.1542905,0.19270375,-0.91777545,-0.35218748,0.19438024,0.25500923,0.42379814,0.052111186,-0.023212755,-0.06841173,0.12244255,0.0019207402,0.053315952,-0.03371877,-0.028565992,0.3206061,-0.16878596,-0.048303112,0.50219256,-0.030393017
294,0.032453816,0.16505562,-0.10494829,-0.9568641,-0.01292927,-0.24976556,0.06190961,0.23830509,0.2977747,-0.36985785,0.16991095,0.25345823,-0.0104941195,-0.22165376,-0.10349979,-0.062970705,-0.8729043,0.04111265,0.1906134,-0.7655563,-0.07994662,0.36705357,-0.39038727,-0.21568476,0.1142178,-0.070526496,-0.11164606,0.07019091,0.5975692,-0.50602514,0.18882808,0.33247453,0.2921538,-0.18820736,0.68148726,0.08266728,-0.25879595,0.053205155,0.10363561,-0.13453676,0.031693295,0.2804535,0.0037249697,-0.03238077,-0.14740084,0.19335002,-0.9173195,-0.3503045,0.19596097,0.25091487,0.43165722,0.050709132,-0.02413527,-0.068244174,0.12268171,0.002008745,0.051154606,-0.021228882,-0.031969175,0.32018197,-0.16894495,-0.046908196,0.515984,-0.027580105
295,0.031500988,0.16238509,-0.10355936,-0.95346415,-0.011950725,-0.25047034,0.06524168,0.23183559,0.2961212,-0.36919716,0.16966899,0.25060952,-0.012668638,-0.2110253,-0.10329761,-0.06408241,-0.87934697,0.03889231,0.19179207,-0.7556551,-0.077676,0.36483932,-0.3987413,-0.22750203,0.11384788,-0.071603075,-0.11735016,0.05804106,0.5891684,-0.5178977,0.18148592,0.34047794,0.29707298,-0.19296181,0.6824301,0.078079455,-0.25918314,0.058178976,0.102157064,-0.14170673,0.030681062,0.2882327,0.008122916,-0.02539175,-0.1386138,0.19469197,-0.91549265,-0.3502114,0.19331636,0.26108405,0.4260913,0.049141772,-0.023792844,-0.06578475,0.12031714,0.002893894,0.049065787,-0.03021838,-0.026245546,0.31995678,-0.16989306,-0.051598683,0.52090627,-0.028945636
296,0.03007925,0.16514944,-0.095136516,-0.96096534,-0.012676157,-0.23279129,0.061010614,0.22938445,0.29730475,-0.3514066,0.17875865,0.24571624,-0.011651497,-0.18855034,-0.09239666,-0.060448717,-0.87751716,0.041229412,0.18737198,-0.75710523,-0.07267466,0.36690897,-0.37248528,-0.21819487,0.10442589,-0.070932,-0.11167933,0.07825019,0.5713032,-0.5010582,0.17710076,0.33952144,0.2700778,-0.17065455,0.6949595,0.07625959,-0.26042834,0.061686356,0.095232494,-0.13301674,0.029920772,0.26139858,0.0017312586,-0.02467059,-0.1577149,0.17139274,-0.91670626,-0.35182133,0.17785327,0.24817668,0.4288832,0.04833441,-0.019671218,-0.06933603,0.11817418,0.00088692043,0.050078534,-0.030591393,-0.029215066,0.32953933,-0.16214137,-0.048155908,0.5030315,-0.019455098
297,0.032377508,0.16667204,-0.10597448,-0.9582048,-0.013283664,-0.24968629,0.06277611,0.23162344,0.29995146,-0.3703886,0.1692251,0.25025985,-0.014071589,-0.22189057,-0.105475284,-0.06351432,-0.8793795,0.04051301,0.19280496,-0.76614827,-0.080208555,0.3666297,-0.38573596,-0.21562289,0.11423728,-0.07180217,-0.109106846,0.06907956,0.5935702,-0.5058774,0.18749003,0.3331897,0.29102543,-0.18738888,0.6759763,0.079296604,-0.26474434,0.05661217,0.105882265,-0.13887832,0.031150384,0.28015,0.00600086,-0.031055363,-0.1477998,0.19189416,-0.9186703,-0.35109738,0.19155249,0.25865942,0.4302603,0.049932484,-0.025892226,-0.06994739,0.12055173,0.001877547,0.05203996,-0.021719653,-0.030592965,0.31742796,-0.1676111,-0.048460647,0.5167553,-0.027830284
298,0.03211994,0.15991437,-0.09917667,-0.9594973,-0.011703574,-0.24567099,0.06008561,0.2287478,0.3040071,-0.35569173,0.16804144,0.24688444,-0.011877416,-0.20501384,-0.10388212,-0.062374417,-0.87800413,0.03953504,0.18755454,-0.75756884,-0.07742334,0.36328357,-0.38362673,-0.21503483,0.110692605,-0.07240589,-0.11346672,0.06579589,0.57883525,-0.50319296,0.17893483,0.34267542,0.28453195,-0.18358438,0.6873864,0.081180856,-0.25641894,0.056151778,0.09899128,-0.13674487,0.028853912,0.27392274,0.008445986,-0.024878053,-0.14588822,0.18439294,-0.91703033,-0.34545648,0.1874796,0.25034302,0.42457104,0.04777892,-0.02340764,-0.065773755,0.11646809,0.003587224,0.04980382,-0.028481102,-0.026868733,0.31300297,-0.1645013,-0.048128817,0.5122715,-0.027446145
299,0.037185352,0.16934443,-0.10237179,-0.9549602,-0.009421007,-0.23676714,0.059191294,0.23216608,0.29761374,-0.36540458,0.17459929,0.25050288,-0.013874749,-0.21061336,-0.10281954,-0.0655987,-0.8726256,0.040233262,0.18930873,-0.75795835,-0.07196389,0.35950887,-0.3843567,-0.22203654,0.10793211,-0.07300844,-0.114366636,0.06911498,0.5723648,-0.5112283,0.1827461,0.34605935,0.29116318,-0.186016,0.69126874,0.07111519,-0.258887,0.059138745,0.100871064,-0.13602945,0.02976302,0.28636688,0.005629903,-0.03397985,-0.15437773,0.18919964,-0.91851157,-0.35617846,0.19005576,0.2614917,0.42590418,0.051936064,-0.024484979,-0.06919646,0.121175684,0.00083237735,0.054238126,-0.032774683,-0.02820931,0.32193258,-0.16744462,-0.04980249,0.50632215,-0.028803065
300,0.028280534,0.16316153,-0.0942933,-0.95831877,-0.009395076,-0.23237559,0.062161,0.24386737,0.29099864,-0.3781798,0.18256319,0.24688779,-0.0112818545,-0.20117255,-0.107111454,-0.06194147,-0.8711892,0.037847515,0.18951593,-0.75775576,-0.080136105,0.36429542,-0.39112622,-0.23158138,0.10794486,-0.06819167,-0.118988305,0.062011197,0.5956274,-0.49779332,0.19039911,0.33664134,0.29849362,-0.19479576,0.6849026,0.08141907,-0.26508415,0.054499988,0.10799795,-0.13483748,0.035704516,0.29111102,0.0065555857,-0.030753883,-0.15090561,0.1952478,-0.91497797,-0.359154,0.20209187,0.25351986,0.45021236,0.05083985,-0.024795067,-0.06744711,0.12141747,0.0015413102,0.051444173,-0.029629763,-0.031941675,0.32038042,-0.1668631,-0.047761854,0.5098108,-0.0291068
301,0.030488769,0.16947725,-0.101004206,-0.9590138,-0.013926191,-0.23932424,0.06554473,0.23294297,0.29656982,-0.36811596,0.18050608,0.25028074,-0.015119075,-0.19754598,-0.097692356,-0.060090967,-0.87499064,0.041270502,0.18839443,-0.7635375,-0.077568054,0.37082005,-0.38458562,-0.21978492,0.10946855,-0.0706083,-0.111605585,0.073585145,0.5956444,-0.5059227,0.18533503,0.3343516,0.2831546,-0.17958483,0.6818806,0.08121975,-0.26090965,0.05706863,0.10500986,-0.13424112,0.032178845,0.2721877,0.004618593,-0.027652025,-0.14967887,0.18011157,-0.91630954,-0.35731497,0.18651122,0.25629517,0.43226668,0.049076192,-0.023215555,-0.070810035,0.118826196,0.00010641945,0.050629064,-0.027332144,-0.027670754,0.3306205,-0.16845609,-0.046911556,0.51282185,-0.021587085
302,0.028918806,0.1566784,-0.095867716,-0.95528674,-0.0083316285,-0.24642989,0.05986604,0.23534015,0.2995746,-0.3514847,0.1674718,0.24650425,-0.00626205,-0.19158344,-0.097109824,-0.06382053,-0.88039434,0.039355952,0.18812494,-0.7510814,-0.07185544,0.35862285,-0.3930082,-0.22425903,0.10760325,-0.07207617,-0.11491013,0.07054258,0.568851,-0.5063689,0.1781314,0.34352887,0.28275606,-0.17618339,0.6990286,0.075208835,-0.25764573,0.0597796,0.09248951,-0.13217595,0.030470088,0.27060983,-0.00011892472,-0.024651019,-0.15590185,0.18601292,-0.9165474,-0.34390253,0.18822709,0.24795729,0.42634037,0.04953468,-0.020158656,-0.06650655,0.119338244,0.0026186653,0.051205784,-0.032377526,-0.029586349,0.31664634,-0.15998088,-0.04940734,0.50797254,-0.029400753
303,0.035736617,0.16347584,-0.100153044,-0.95824903,-0.011015488,-0.23851532,0.05893373,0.22026454,0.3071225,-0.34987408,0.16251406,0.24475501,-0.015364056,-0.20617266,-0.10160302,-0.06422444,-0.8804688,0.039292373,0.18849176,-0.7501452,-0.075270824,0.35795692,-0.37446475,-0.2180128,0.10513353,-0.079020016,-0.113949955,0.0678953,0.55484754,-0.5069656,0.1738211,0.34868556,0.2815525,-0.17918828,0.6828245,0.0692381,-0.26272467,0.06072813,0.09441384,-0.13919653,0.027737135,0.27638906,0.008649425,-0.026022539,-0.15125051,0.17776495,-0.9177067,-0.35044712,0.17660533,0.26129535,0.42319107,0.04688916,-0.024780773,-0.0693412,0.11309391,0.0038821788,0.048264902,-0.03414049,-0.02562182,0.31402245,-0.16672409,-0.05107142,0.5081718,-0.027735695
304,0.026938327,0.15944828,-0.087043926,-0.96072775,-0.00731784,-0.22747761,0.06149692,0.2365076,0.29400757,-0.3574756,0.18090779,0.24473026,-0.009201495,-0.18668811,-0.09913446,-0.061225925,-0.87465465,0.037910774,0.18595625,-0.74938726,-0.073646724,0.36508298,-0.38343707,-0.2318011,0.10300431,-0.07233804,-0.11998337,0.069183774,0.57168067,-0.49672264,0.1814353,0.34431362,0.28249133,-0.18448035,0.7011597,0.07660678,-0.26124272,0.05973952,0.097573414,-0.13255273,0.034809865,0.27604648,0.0044498923,-0.025417674,-0.15605997,0.18325551,-0.91534656,-0.3525322,0.1905444,0.2458652,0.4431752,0.049577568,-0.022275364,-0.06549648,0.11894862,0.00076590764,0.0479426,-0.03482806,-0.029766666,0.32033002,-0.16020691,-0.049196307,0.4988289,-0.025397466
305,0.029956697,0.16964385,-0.100435495,-0.9600907,-0.014093822,-0.24334861,0.067730434,0.23450346,0.29471996,-0.3708365,0.18038736,0.25171855,-0.014187059,-0.20465498,-0.095759645,-0.059119653,-0.873504,0.04161796,0.18770199,-0.76559454,-0.078561805,0.37545988,-0.38752174,-0.22029653,0.112434015,-0.07027504,-0.11190904,0.075591296,0.60102916,-0.5042198,0.1881762,0.32886493,0.284489,-0.18656765,0.68193334,0.08310852,-0.26010874,0.055432446,0.10620974,-0.13398127,0.033139586,0.27286193,0.0044536456,-0.0286173,-0.14749222,0.18287036,-0.9148885,-0.35432816,0.18806951,0.25479802,0.43027663,0.04938866,-0.023630844,-0.070138924,0.12167702,0.00040978778,0.04729918,-0.023152761,-0.029098948,0.33136776,-0.16819057,-0.047314238,0.51217115,-0.020676946
306,0.032432422,0.16566354,-0.105420806,-0.9610094,-0.014439729,-0.24577685,0.062219165,0.2228577,0.30491787,-0.3561752,0.16630135,0.252196,-0.01761156,-0.21880959,-0.106915794,-0.061275084,-0.8762878,0.041107815,0.1863301,-0.7620069,-0.081025414,0.37118757,-0.37678,-0.20961827,0.115149766,-0.074156985,-0.107924245,0.070075035,0.58922994,-0.5051418,0.18171078,0.3341083,0.28037822,-0.1834132,0.6767122,0.08264382,-0.2590187,0.05498139,0.10347215,-0.13710456,0.030182593,0.27126923,0.00725043,-0.0276038,-0.14282668,0.18449315,-0.9188667,-0.34495473,0.18462689,0.25417593,0.42285803,0.047669876,-0.025783742,-0.068960294,0.11743867,0.0022310398,0.04545825,-0.022124832,-0.02695457,0.31730846,-0.16714476,-0.04873878,0.5123697,-0.02261023
307,0.0332661,0.16455618,-0.101412795,-0.95775217,-0.011030506,-0.22976238,0.055087,0.22884503,0.29816335,-0.34859335,0.17268182,0.24555685,-0.016984329,-0.20566049,-0.11084679,-0.06519518,-0.8678739,0.04126412,0.18629569,-0.75896126,-0.0720528,0.35419062,-0.36315003,-0.20694338,0.10483521,-0.07168923,-0.1139312,0.07573382,0.5569602,-0.48616824,0.1766093,0.34097207,0.2685423,-0.16836955,0.70184064,0.07521414,-0.25469798,0.05687265,0.096164726,-0.13142213,0.028158182,0.2628005,-0.0005135761,-0.032457214,-0.15853843,0.17202178,-0.9230271,-0.34241027,0.18467115,0.24296282,0.42443776,0.04902737,-0.02262757,-0.06780635,0.12306192,0.00083711627,0.056434028,-0.034482364,-0.030518092,0.31471294,-0.16388635,-0.04725286,0.4898569,-0.024351887
308,0.03212475,0.1620144,-0.10478348,-0.9606031,-0.014855225,-0.240279,0.057797562,0.22313808,0.30676436,-0.35951242,0.16669704,0.24157098,-0.016410463,-0.2228088,-0.109217025,-0.06291993,-0.87932897,0.040286306,0.1924801,-0.7662112,-0.08006048,0.35802972,-0.3655508,-0.2076488,0.10934485,-0.07188888,-0.10716211,0.07188919,0.5674146,-0.4861426,0.17851333,0.33615482,0.27419776,-0.17903888,0.68306243,0.0801933,-0.265187,0.058247607,0.099475004,-0.13823433,0.028279023,0.2679691,0.0064112702,-0.030286323,-0.15383287,0.17832161,-0.9212202,-0.34439194,0.18049447,0.2547814,0.4297051,0.047749605,-0.025514204,-0.06973316,0.119058594,0.0029327588,0.053319506,-0.024290685,-0.028961413,0.30722564,-0.1619013,-0.047328774,0.50661427,-0.0246168
309,0.031466894,0.16481107,-0.0938142,-0.9551376,-0.0050361203,-0.25429815,0.06083029,0.24184003,0.29897186,-0.36190793,0.17374547,0.24776098,-0.008894325,-0.20096712,-0.10546941,-0.066287234,-0.8757653,0.0393577,0.18894021,-0.75767154,-0.06903283,0.35702068,-0.39800155,-0.22441457,0.11007144,-0.07204009,-0.115374036,0.0721522,0.5787322,-0.5029037,0.18965511,0.34166557,0.29233232,-0.18108353,0.69885516,0.07142482,-0.2581476,0.057241835,0.100512594,-0.13201584,0.032082066,0.27819324,0.0002067786,-0.031054968,-0.15778199,0.19433092,-0.91776925,-0.34416887,0.19428822,0.25097716,0.426009,0.051720724,-0.023317719,-0.06744619,0.1201889,-0.00026936407,0.051832784,-0.032404657,-0.030771926,0.31572157,-0.16340755,-0.04989866,0.5034727,-0.035477884
310,0.025348974,0.16021143,-0.1052474,-0.9563149,-0.013326851,-0.22098988,0.062350128,0.22775267,0.29292265,-0.36216015,0.17461516,0.25022015,-0.021266047,-0.19938014,-0.1157326,-0.062195804,-0.87203735,0.03888477,0.18620268,-0.7553481,-0.08208224,0.36604354,-0.37527806,-0.2233731,0.10926901,-0.07169524,-0.11806623,0.06165654,0.5840467,-0.5006735,0.17809443,0.33405182,0.2808316,-0.18242614,0.6809869,0.08255195,-0.2619259,0.05624957,0.104476616,-0.1356494,0.033643395,0.27754727,0.0045115855,-0.027826373,-0.14323187,0.18291217,-0.92103493,-0.35103506,0.19268301,0.25427243,0.44412053,0.047452185,-0.025806343,-0.068857215,0.12225341,0.0015025454,0.05058459,-0.033875253,-0.026187764,0.31848967,-0.16551486,-0.04882826,0.50594515,-0.0210543
311,0.03283046,0.16621125,-0.106837906,-0.95637584,-0.012802968,-0.24523413,0.062220432,0.23171665,0.29929513,-0.37059993,0.16827351,0.25096056,-0.013870692,-0.2199915,-0.10406226,-0.06341305,-0.87894976,0.04055441,0.19232851,-0.7635917,-0.07949004,0.36641744,-0.3869167,-0.21717018,0.110308655,-0.072040305,-0.10933684,0.069823176,0.59056956,-0.50914854,0.18506412,0.33519113,0.29008487,-0.18448651,0.67781705,0.07754275,-0.26359108,0.057796564,0.10512996,-0.13696349,0.030743178,0.2818866,0.0044720266,-0.032044493,-0.14881824,0.18887645,-0.918418,-0.3548351,0.19183843,0.25982988,0.4309707,0.050308224,-0.025642222,-0.07047203,0.12097066,0.0016422027,0.05291945,-0.023909332,-0.030735957,0.32040212,-0.16760825,-0.048301063,0.51680535,-0.027210442
312,0.037902467,0.16896321,-0.09999451,-0.9576103,-0.010313104,-0.23438361,0.055481672,0.23154831,0.30098274,-0.35722658,0.1747728,0.2489364,-0.014710205,-0.21264756,-0.104935974,-0.06444215,-0.865882,0.04117238,0.18591128,-0.7592545,-0.072218105,0.3570178,-0.37327766,-0.21338543,0.10871211,-0.07178237,-0.11492627,0.072561875,0.5653227,-0.4978371,0.18117507,0.34572965,0.2818445,-0.18333784,0.6982568,0.07522613,-0.2533552,0.055871226,0.09825497,-0.13357636,0.027815169,0.27723077,0.0053139715,-0.033951107,-0.15505345,0.18516795,-0.91935927,-0.3487675,0.18713778,0.25275758,0.42150122,0.051180348,-0.02360195,-0.06701151,0.12128284,0.0010169017,0.052141637,-0.031407032,-0.0289189,0.31834698,-0.16638766,-0.0479187,0.49659473,-0.026982915
313,0.03550534,0.16660315,-0.10064585,-0.96148664,-0.012511681,-0.24809173,0.06030643,0.22108571,0.3095982,-0.3565013,0.16594912,0.248616,-0.01741213,-0.21606413,-0.10458059,-0.061249457,-0.8785459,0.04062129,0.18783547,-0.7616142,-0.08038404,0.36811486,-0.37571457,-0.21190335,0.11115703,-0.07497611,-0.10625244,0.07236908,0.5812456,-0.50226057,0.18152761,0.33940464,0.27997357,-0.18180674,0.67826146,0.07980581,-0.2634523,0.057722885,0.10466398,-0.13729738,0.029308537,0.27357575,0.007358214,-0.028238742,-0.14878467,0.18182454,-0.91790205,-0.34812582,0.1810265,0.25684658,0.42502722,0.047836103,-0.02568918,-0.06964242,0.11455271,0.0018867678,0.046442516,-0.023211595,-0.027441613,0.31621528,-0.1650843,-0.04880097,0.5118386,-0.02448533
314,0.032075603,0.16332169,-0.10072304,-0.95851403,-0.011258278,-0.24952148,0.06308488,0.22629051,0.30350608,-0.357562,0.16712058,0.25073108,-0.015174507,-0.20407267,-0.10084587,-0.060606644,-0.87757057,0.039378155,0.18470564,-0.7541172,-0.08022273,0.37085798,-0.38927537,-0.21725716,0.11121967,-0.07324002,-0.110267244,0.06666784,0.5891171,-0.5103969,0.18241663,0.3365192,0.28704953,-0.18345025,0.6779087,0.07985205,-0.259901,0.054780837,0.10291323,-0.13552645,0.030737145,0.27972847,0.005514031,-0.026183901,-0.14671597,0.18533187,-0.914932,-0.34924063,0.1869346,0.25414822,0.42399323,0.047569282,-0.024170265,-0.06916355,0.115635976,0.0029391067,0.04597119,-0.025464656,-0.027671978,0.32100213,-0.16709964,-0.04896479,0.5155694,-0.025942136
315,0.029878588,0.16444904,-0.10070899,-0.9586302,-0.012937029,-0.2507913,0.06740697,0.22522144,0.3008296,-0.37306085,0.17481172,0.24097237,-0.0135091245,-0.20525691,-0.10236117,-0.062148098,-0.88742167,0.039193377,0.19818468,-0.7646976,-0.07805083,0.36093014,-0.38535887,-0.22858928,0.10879048,-0.072931,-0.111759976,0.06791439,0.5774644,-0.50186497,0.1832881,0.3364137,0.2873367,-0.18654235,0.675509,0.075889975,-0.27212578,0.063566364,0.10420074,-0.1427729,0.03109106,0.2771333,0.008846048,-0.025383675,-0.15148598,0.18374236,-0.9173103,-0.35357213,0.1808361,0.26847646,0.43418014,0.04769762,-0.025232518,-0.07089148,0.116650395,0.0020392926,0.049924802,-0.028233984,-0.025515238,0.31648102,-0.16491863,-0.05190297,0.51686174,-0.027200771
316,0.034148276,0.16757286,-0.09465311,-0.9622153,-0.008863737,-0.23695347,0.056752816,0.22348443,0.30646428,-0.35374188,0.17333172,0.23880513,-0.016854884,-0.20942597,-0.10772209,-0.06392642,-0.87737083,0.04035937,0.18907963,-0.761752,-0.0699252,0.3568323,-0.36382902,-0.20804581,0.100583315,-0.07573387,-0.10702997,0.08148489,0.5533975,-0.48339403,0.17913829,0.34677497,0.2694628,-0.17043997,0.69694716,0.070188195,-0.26403594,0.06235487,0.10123537,-0.13218415,0.028924558,0.26338685,0.0043227593,-0.034140415,-0.16495012,0.16790353,-0.9213203,-0.34672678,0.17752266,0.25243896,0.4264352,0.049374394,-0.025845665,-0.06983881,0.11631249,-0.00015026517,0.05550852,-0.033529345,-0.029311713,0.3116377,-0.16140136,-0.04828854,0.49258918,-0.02529868
317,0.033266243,0.16831827,-0.1028756,-0.95764345,-0.011574882,-0.24946228,0.06405847,0.23081464,0.30144858,-0.36880884,0.16944395,0.2500978,-0.0150134,-0.21205142,-0.102616854,-0.06297872,-0.880622,0.04022912,0.19086754,-0.76362455,-0.079218544,0.3674129,-0.38841987,-0.21913038,0.11250346,-0.07369453,-0.10980331,0.07115208,0.59254473,-0.5078327,0.18766615,0.33565962,0.29181594,-0.18443346,0.67559856,0.07689581,-0.26625967,0.05740985,0.10720983,-0.13788813,0.0312578,0.2806822,0.005594412,-0.030146057,-0.14929265,0.19048852,-0.91791475,-0.3522051,0.19035766,0.2618732,0.4287493,0.049623128,-0.025978712,-0.07037275,0.11828311,0.0010893157,0.05049697,-0.023290634,-0.030235952,0.31819347,-0.16681445,-0.048705664,0.51501256,-0.029041406
318,0.02667459,0.16113311,-0.0984981,-0.9614478,-0.012356693,-0.22153604,0.059840575,0.22824161,0.2979789,-0.3671718,0.17869571,0.23950325,-0.017985582,-0.2037844,-0.11345883,-0.06256611,-0.8767016,0.037935007,0.19059056,-0.7595735,-0.07990549,0.35882112,-0.36707774,-0.22096094,0.10412758,-0.070986055,-0.11469282,0.06519105,0.570595,-0.48560596,0.1787443,0.33919334,0.27958867,-0.18242228,0.6833837,0.07970108,-0.26888192,0.05976645,0.10394271,-0.13811284,0.03264799,0.27656072,0.008910691,-0.028854636,-0.15287521,0.17870964,-0.92069775,-0.35251778,0.18725063,0.25668952,0.44842225,0.04766447,-0.026441937,-0.068692684,0.11868439,0.0020545716,0.05331768,-0.03310307,-0.027753495,0.31058154,-0.16281791,-0.048135575,0.50292933,-0.024177905
319,0.03227765,0.16278446,-0.10452884,-0.95384413,-0.010343603,-0.23101364,0.057686903,0.22940004,0.29654813,-0.3542246,0.16925877,0.24689686,-0.016520107,-0.2048717,-0.11000678,-0.06686617,-0.87532955,0.040277205,0.19039485,-0.75726086,-0.072977446,0.3528136,-0.37280604,-0.21578485,0.10374044,-0.07246453,-0.11408199,0.07243011,0.5608266,-0.49721283,0.17686759,0.34122476,0.27569026,-0.16889547,0.69496953,0.07036281,-0.2608183,0.059821405,0.097131625,-0.13294621,0.029685214,0.27119666,-0.0017147656,-0.033228163,-0.15964976,0.17510003,-0.92279285,-0.34954172,0.18683578,0.25166342,0.42918193,0.04928737,-0.022470443,-0.07023753,0.122335404,0.0011959457,0.061300665,-0.03705068,-0.030177237,0.31574142,-0.16332513,-0.04828983,0.49954432,-0.026961222
320,0.035482295,0.17180894,-0.093814,-0.96065414,-0.007892752,-0.23815395,0.05774169,0.22964442,0.30293676,-0.35113838,0.17531146,0.24614201,-0.017131474,-0.19930173,-0.10591627,-0.06414745,-0.8720034,0.041223817,0.18458046,-0.75927144,-0.06990409,0.35972816,-0.37028652,-0.21044998,0.10458201,-0.07521686,-0.112085655,0.08158662,0.5660901,-0.49137932,0.18281852,0.3440883,0.27481097,-0.1691691,0.6960881,0.070724234,-0.25916183,0.0580481,0.10306963,-0.13071072,0.029190795,0.26525918,0.002518155,-0.03257389,-0.159849,0.17489052,-0.92076856,-0.3450442,0.1841351,0.24940985,0.42216733,0.04972782,-0.024110626,-0.06833966,0.11677374,-0.0008207353,0.051725782,-0.032573435,-0.030804213,0.31713486,-0.16478452,-0.048071377,0.4902952,-0.027385514
321,0.025552748,0.1664138,-0.0946505,-0.95771545,-0.010516799,-0.20865853,0.063135765,0.23025869,0.29068875,-0.36117214,0.19217125,0.24101269,-0.01981794,-0.17598583,-0.11605077,-0.06349076,-0.8718425,0.03805239,0.18726435,-0.75114363,-0.07033588,0.35693067,-0.36936983,-0.23171872,0.1002004,-0.071541466,-0.12280837,0.06506001,0.56086487,-0.49178058,0.17644615,0.34454095,0.27499253,-0.1734305,0.69796383,0.070908226,-0.2644147,0.062342748,0.09919073,-0.1358677,0.034093462,0.27069065,0.005470321,-0.024286106,-0.15819588,0.17243959,-0.92115206,-0.3594038,0.18285778,0.2624478,0.4467519,0.04834326,-0.023766544,-0.07192384,0.1190239,9.266023e-05,0.056077477,-0.04858638,-0.021985121,0.32325056,-0.16357806,-0.0498332,0.49377283,-0.02099049
322,0.034941368,0.1688702,-0.09894393,-0.9571468,-0.008304757,-0.23946962,0.059360784,0.23183109,0.29988968,-0.36115113,0.17249073,0.24646452,-0.01419509,-0.20842615,-0.1058825,-0.06557825,-0.87647253,0.04028384,0.19007605,-0.75888693,-0.071286224,0.35806444,-0.3794849,-0.21663369,0.10364359,-0.07366146,-0.11130963,0.07602642,0.56946075,-0.5001541,0.18319769,0.3427688,0.28305915,-0.1750417,0.6927286,0.06839499,-0.262322,0.060380265,0.10190985,-0.13302325,0.0299546,0.27610394,0.00135822,-0.0340707,-0.16068637,0.1809166,-0.9199135,-0.35287997,0.18752204,0.25622615,0.4270539,0.051026493,-0.024747835,-0.07064571,0.119554766,-0.00012310564,0.056241427,-0.032852445,-0.03132511,0.31919602,-0.16496685,-0.049028,0.5009017,-0.029310877
323,0.03515312,0.16803911,-0.098133005,-0.95773023,-0.008472077,-0.23747407,0.05910234,0.2295766,0.30084807,-0.35755923,0.17328383,0.2441847,-0.015593905,-0.20295413,-0.108607024,-0.06580239,-0.8767239,0.039962705,0.189921,-0.7573381,-0.07090585,0.35448807,-0.37656885,-0.21693806,0.103160456,-0.073920876,-0.112433724,0.07376956,0.5637838,-0.49640936,0.18120717,0.3463237,0.28140628,-0.17302586,0.69262004,0.06801517,-0.2628006,0.06054887,0.100900896,-0.13403793,0.029084044,0.27316126,0.0032570402,-0.032130074,-0.16156241,0.17826988,-0.92118007,-0.35204062,0.18541126,0.25730535,0.4263472,0.04997064,-0.02425621,-0.07050276,0.11751625,0.00072136143,0.057962928,-0.036695566,-0.02927307,0.31658396,-0.16497213,-0.0494571,0.49944377,-0.02989832
324,0.025386194,0.15174204,-0.09557894,-0.96246666,-0.01319896,-0.21611466,0.056657277,0.22209056,0.29722592,-0.35068455,0.17339163,0.23473363,-0.01412645,-0.19349822,-0.10449912,-0.061643716,-0.8793445,0.037976544,0.18965425,-0.7537732,-0.07815769,0.35642034,-0.35679415,-0.21891387,0.10070549,-0.07142655,-0.11498507,0.07120776,0.5436925,-0.47633576,0.16786762,0.3392445,0.26152074,-0.17414138,0.6997285,0.079253435,-0.26829278,0.06299156,0.09239379,-0.1353088,0.03241232,0.26288798,0.0023464803,-0.024764491,-0.1613512,0.16541201,-0.9200419,-0.3450025,0.17711325,0.24403311,0.4460227,0.04610559,-0.022040978,-0.066856936,0.12143879,0.0036205945,0.05584608,-0.0348953,-0.028957294,0.3084331,-0.15482213,-0.047120005,0.49443755,-0.017684024
325,0.0340414,0.16169162,-0.099553116,-0.95878386,-0.011343379,-0.2386872,0.058477443,0.2199799,0.30330908,-0.3534987,0.16471753,0.24147777,-0.011592196,-0.20308812,-0.097201586,-0.06412156,-0.88697225,0.039868623,0.19343223,-0.7555765,-0.07401724,0.3576613,-0.3716412,-0.21846926,0.10157187,-0.075854495,-0.11041735,0.07529774,0.5524483,-0.50184596,0.1720164,0.34579977,0.2735884,-0.1716716,0.68914557,0.06865838,-0.2686571,0.067497976,0.09653077,-0.13771619,0.027791465,0.2690468,0.0029944833,-0.027118826,-0.15869793,0.17380363,-0.91961974,-0.35044453,0.17646855,0.2586824,0.42644367,0.048445873,-0.023761764,-0.06916064,0.11722676,0.0015103235,0.054483347,-0.032769766,-0.029636012,0.316155,-0.16098006,-0.05101142,0.50584584,-0.024822667
326,0.023459123,0.15692313,-0.102489874,-0.95450556,-0.011398741,-0.22734381,0.06525037,0.23298228,0.2896022,-0.36757848,0.17373203,0.2503559,-0.015610544,-0.19834471,-0.10792614,-0.060306493,-0.8711159,0.03724551,0.18290982,-0.748639,-0.08349196,0.36922443,-0.39027378,-0.23056638,0.11065126,-0.06937621,-0.120069034,0.056225803,0.59055066,-0.5068911,0.18072131,0.3289991,0.29097545,-0.19332343,0.6830909,0.084452,-0.25971407,0.05258364,0.103891775,-0.13464595,0.035040904,0.29139256,0.002973271,-0.026577495,-0.14261469,0.19083497,-0.91470164,-0.35152212,0.19789205,0.25356904,0.44319156,0.04767744,-0.024319118,-0.067771085,0.124775186,0.0030612433,0.04694729,-0.030754829,-0.028079234,0.32119027,-0.16578098,-0.048784483,0.51101893,-0.023019645
327,0.030745659,0.16262318,-0.105577,-0.95590127,-0.012191585,-0.24445507,0.06365825,0.22674291,0.30060112,-0.35709077,0.16592853,0.25290948,-0.016428798,-0.20345154,-0.10467161,-0.061452184,-0.8762422,0.039786775,0.184676,-0.7540393,-0.08017763,0.36931968,-0.3890681,-0.21744397,0.111893594,-0.0732567,-0.11184226,0.06486693,0.5897705,-0.5132421,0.18090865,0.3357411,0.28677678,-0.18126015,0.6778321,0.080204666,-0.2578946,0.054246392,0.10214446,-0.13491492,0.030494737,0.27846342,0.0041719927,-0.02670896,-0.14450912,0.18587303,-0.91721815,-0.34908688,0.18923806,0.25520343,0.42370927,0.047564857,-0.024193417,-0.069652215,0.117793106,0.0027056332,0.048184212,-0.02790025,-0.026741808,0.32131103,-0.16795872,-0.04904132,0.51527166,-0.025707789
328,0.042653535,0.18308602,-0.10312687,-0.95547676,-0.00936791,-0.24074978,0.05608132,0.2393156,0.2925696,-0.38245177,0.17843792,0.2513033,-0.018032277,-0.22177893,-0.102673724,-0.067471005,-0.87369585,0.04290336,0.19500563,-0.77218604,-0.07058357,0.3579889,-0.38176644,-0.21668717,0.10378824,-0.07187652,-0.11072066,0.08624373,0.5852466,-0.5019113,0.19086358,0.33523116,0.29196823,-0.17810248,0.68779284,0.06683259,-0.26738432,0.06029649,0.113856874,-0.13165654,0.031756796,0.28513348,0.0016097185,-0.046655692,-0.16399902,0.18719509,-0.9221794,-0.36219838,0.19563709,0.26473668,0.42870295,0.0558945,-0.025942741,-0.07014855,0.124057636,-0.003990323,0.057976548,-0.028254662,-0.036157485,0.32849497,-0.17052215,-0.047941964,0.50173837,-0.029404152
329,0.03201814,0.16280322,-0.1093643,-0.95422703,-0.014021473,-0.2394401,0.06101551,0.22990502,0.29744652,-0.36458015,0.16790363,0.249532,-0.016348464,-0.21252657,-0.10898847,-0.06438919,-0.8786432,0.040367458,0.19333585,-0.7624752,-0.07994138,0.3607202,-0.38138238,-0.21644205,0.109874636,-0.07164949,-0.111777514,0.06676722,0.5830396,-0.50433403,0.1815194,0.33677155,0.28592092,-0.17918098,0.6789139,0.07815729,-0.26355737,0.057591088,0.10181016,-0.13755852,0.030124525,0.2765238,0.0037121838,-0.030300176,-0.14960176,0.18471168,-0.9209819,-0.3528927,0.19106229,0.25672412,0.43171367,0.048962068,-0.024505917,-0.07077509,0.12127195,0.0023338366,0.057814468,-0.028845679,-0.029115086,0.316834,-0.16653894,-0.048131082,0.5141861,-0.027083214
330,0.03446831,0.1701455,-0.100917466,-0.95772547,-0.009416738,-0.23299167,0.055930603,0.23111722,0.2993288,-0.35462964,0.1731105,0.24866712,-0.017168524,-0.20792234,-0.1095699,-0.06567341,-0.87045676,0.04190517,0.18654129,-0.7611717,-0.07029471,0.35848045,-0.36938033,-0.20888117,0.10422001,-0.073620856,-0.111734465,0.08008894,0.5662549,-0.4947645,0.18054153,0.34136197,0.27341852,-0.16787836,0.6978265,0.071300656,-0.25688416,0.05855305,0.10131349,-0.13014665,0.02890597,0.2662208,-0.00057266525,-0.035437517,-0.15891293,0.1757661,-0.92301387,-0.3469186,0.18672311,0.24952984,0.42457432,0.05073549,-0.024048384,-0.06898172,0.121471405,-0.00089418155,0.055375505,-0.03306945,-0.031349868,0.31914833,-0.16507436,-0.047737207,0.4925804,-0.02583744
331,0.028342044,0.15560827,-0.09056856,-0.96125025,-0.0079775015,-0.24732015,0.0552519,0.22708112,0.3065357,-0.34771812,0.16483177,0.23736401,-0.005464529,-0.2022133,-0.09612786,-0.0619616,-0.88229936,0.039588917,0.18872438,-0.7580736,-0.07277428,0.35649133,-0.37403584,-0.21260194,0.10211705,-0.074451976,-0.1102577,0.079615764,0.55003875,-0.48668116,0.17530392,0.34576312,0.27077198,-0.17408651,0.70261115,0.076689065,-0.2617583,0.06151869,0.09581034,-0.1298177,0.02874339,0.26413408,0.0032214301,-0.03047735,-0.16448978,0.17011182,-0.9164151,-0.34174562,0.17772141,0.24332896,0.42845336,0.047963716,-0.020515792,-0.065325946,0.1166286,0.003137499,0.05174756,-0.028521877,-0.031757284,0.30815035,-0.15585536,-0.04660096,0.50120395,-0.026654586
332,0.03244971,0.16143064,-0.106085956,-0.9569373,-0.013970828,-0.2454104,0.062264614,0.22945318,0.29867014,-0.36679927,0.16759941,0.24799913,-0.0134054385,-0.21845517,-0.103245765,-0.062357858,-0.87717193,0.040229388,0.19167851,-0.7626847,-0.081603855,0.36534002,-0.38332003,-0.21542299,0.11144099,-0.07127683,-0.11056987,0.06827367,0.58416057,-0.50038135,0.18242507,0.33391887,0.28503487,-0.18657508,0.68200505,0.08188734,-0.26234028,0.056196373,0.10203949,-0.13699993,0.03137797,0.278963,0.0038530512,-0.029626055,-0.14888693,0.18403932,-0.91749614,-0.34989324,0.18957677,0.25314185,0.43133757,0.048923623,-0.024485132,-0.06931287,0.122838266,0.0028337752,0.05409282,-0.023707394,-0.030305754,0.3167755,-0.16615315,-0.04730077,0.51492226,-0.02450413
333,0.03832586,0.16647668,-0.099323206,-0.9572861,-0.010663334,-0.23432137,0.06028279,0.23202519,0.30014893,-0.35772103,0.17643572,0.2496642,-0.010962151,-0.20968975,-0.104609564,-0.063396245,-0.86633325,0.039825447,0.18583879,-0.75221676,-0.072635,0.3583018,-0.38370293,-0.2198355,0.1095296,-0.07272281,-0.117926925,0.063195415,0.56878906,-0.5066717,0.18055302,0.35080642,0.2903716,-0.19218205,0.6978222,0.07577188,-0.2504179,0.054732922,0.09558397,-0.13580652,0.028611653,0.2836872,0.009774638,-0.028480588,-0.15009959,0.18821144,-0.9157448,-0.35367846,0.18901385,0.25676396,0.42049274,0.050569564,-0.023666902,-0.06711798,0.11929313,0.003227511,0.05181477,-0.035153918,-0.02503974,0.32078993,-0.16863717,-0.049043216,0.5047786,-0.027870655
334,0.035325997,0.16609149,-0.09813796,-0.96054655,-0.01120361,-0.2532666,0.061479926,0.22957754,0.30560315,-0.36995503,0.17046481,0.24460664,-0.012389267,-0.2201365,-0.10141939,-0.06191412,-0.8811891,0.039592974,0.19364852,-0.764615,-0.07920274,0.36382484,-0.3841831,-0.21731815,0.10921685,-0.07204677,-0.106811896,0.071117036,0.58475447,-0.4993939,0.18735057,0.34016842,0.2896003,-0.18821187,0.67897034,0.07722114,-0.26811975,0.059027832,0.10587878,-0.13861844,0.030196719,0.2816093,0.008036095,-0.030383829,-0.15424997,0.18707527,-0.9157053,-0.35382548,0.18654796,0.2586896,0.4318639,0.04959618,-0.02562321,-0.06980064,0.11617892,0.0019110129,0.05179525,-0.022999633,-0.03063066,0.31563437,-0.16565754,-0.04843993,0.51540166,-0.029162878
335,0.028624166,0.1662889,-0.10592942,-0.95830745,-0.015156061,-0.23688152,0.06459492,0.22696495,0.2990232,-0.3661068,0.1764464,0.24641462,-0.016631085,-0.20518737,-0.10378672,-0.0619015,-0.88082397,0.04076218,0.19192486,-0.7649153,-0.078525856,0.36558315,-0.37569734,-0.21885692,0.10915743,-0.071088664,-0.109380566,0.07139368,0.5835906,-0.50305307,0.18108268,0.3331796,0.27880722,-0.17610545,0.677064,0.07860149,-0.26627615,0.060760073,0.10233968,-0.1380648,0.031160671,0.269618,0.0043777516,-0.027162477,-0.15002877,0.17873333,-0.9198708,-0.35344577,0.18196116,0.26166305,0.4351,0.048037186,-0.024492402,-0.072951235,0.11927021,0.0009510833,0.051229365,-0.027211066,-0.026416732,0.3216956,-0.16486041,-0.04856078,0.5139162,-0.021552509
336,0.033863496,0.16739492,-0.09844332,-0.9629703,-0.011597002,-0.2517227,0.06409575,0.22524042,0.3068653,-0.35634983,0.16838032,0.2527972,-0.016035166,-0.21760021,-0.101049855,-0.059773885,-0.8758125,0.04114881,0.18596233,-0.7618078,-0.07946035,0.37583452,-0.3824135,-0.21259159,0.112582,-0.075478226,-0.107300624,0.07465212,0.593025,-0.50475043,0.1863085,0.3373975,0.28260434,-0.18646687,0.67955166,0.08186077,-0.25848684,0.055377103,0.10498417,-0.13545503,0.031156147,0.27200773,0.007987587,-0.028301436,-0.14467691,0.18470451,-0.9167308,-0.34707984,0.18526995,0.25058603,0.42203593,0.048534185,-0.026171096,-0.06838672,0.11553982,0.0007295641,0.042119395,-0.020704,-0.028164823,0.32030392,-0.16710205,-0.04913868,0.5104748,-0.024303537
337,0.030246723,0.1687647,-0.10070999,-0.9595023,-0.0143301785,-0.24190234,0.065501176,0.23427,0.29569575,-0.3702485,0.18054833,0.2494788,-0.01389776,-0.20584325,-0.097601436,-0.05961867,-0.8739953,0.04131809,0.18915589,-0.76560503,-0.07853926,0.3718503,-0.38408297,-0.21892172,0.111145206,-0.06913443,-0.11110021,0.07419938,0.59601694,-0.5027392,0.18665725,0.33064348,0.28361422,-0.18479691,0.6829574,0.08255464,-0.2608523,0.056450438,0.10500107,-0.13475375,0.03199075,0.27383095,0.0042195087,-0.028510446,-0.14959006,0.18216562,-0.9150972,-0.3548296,0.18629901,0.2547963,0.43180373,0.04932301,-0.023334587,-0.07009314,0.12156473,0.00050124165,0.049506273,-0.024018751,-0.029260283,0.33049193,-0.16744602,-0.04709688,0.5126254,-0.021004755
338,0.032123864,0.16243885,-0.09669641,-0.9566499,-0.009955343,-0.25827244,0.06427523,0.23462246,0.30366316,-0.36693528,0.16896865,0.25050604,-0.008521859,-0.21270037,-0.09927385,-0.06276279,-0.8794847,0.038837794,0.18918972,-0.75670266,-0.0765665,0.367834,-0.40357673,-0.22565413,0.11515535,-0.071961954,-0.11409823,0.06156471,0.5928099,-0.5164503,0.1859588,0.3410798,0.29869956,-0.19642869,0.68705314,0.07943024,-0.25692588,0.05653003,0.10121299,-0.13934278,0.031135086,0.2875421,0.0093405945,-0.025043886,-0.14222899,0.19943576,-0.91256005,-0.3490122,0.19187595,0.2588271,0.42329082,0.050153367,-0.02427529,-0.06609342,0.117293224,0.00263798,0.044476755,-0.025105173,-0.0265828,0.31770065,-0.16595186,-0.049886465,0.5225448,-0.030863091
339,0.031462323,0.16362979,-0.102091745,-0.9549273,-0.010699066,-0.2593763,0.06538346,0.23978484,0.29432526,-0.37789282,0.17134,0.2506716,-0.0083130365,-0.21654958,-0.10029377,-0.06350342,-0.87825084,0.039388146,0.19367,-0.761603,-0.078022376,0.36684316,-0.40388924,-0.22732347,0.11425204,-0.070237875,-0.114822954,0.06469839,0.5992143,-0.5137446,0.19023387,0.33443427,0.30173972,-0.19628377,0.6804263,0.07906937,-0.26168805,0.056279946,0.1059884,-0.13798198,0.03253443,0.28986287,0.0050067706,-0.029807394,-0.14336684,0.200472,-0.9142327,-0.35040167,0.19861598,0.2566132,0.43146142,0.050886486,-0.024446111,-0.066228025,0.12270817,0.0020424314,0.048634235,-0.02372156,-0.03125744,0.32144788,-0.16995889,-0.05068376,0.5199112,-0.031254195
340,0.025929427,0.16775347,-0.08968835,-0.96033025,-0.009075359,-0.21475744,0.06400244,0.23226167,0.2925843,-0.36441386,0.19465595,0.23937458,-0.01689987,-0.17940007,-0.11199628,-0.061760698,-0.8712364,0.037911836,0.18710835,-0.75248134,-0.069625676,0.35979408,-0.37164745,-0.23153955,0.10008178,-0.071552485,-0.120719895,0.06747647,0.56425005,-0.48929504,0.18075131,0.34535334,0.27784783,-0.1800969,0.69976246,0.07223843,-0.26443908,0.06194437,0.10048211,-0.13509005,0.03456977,0.27308905,0.007362588,-0.025334869,-0.1592947,0.1746157,-0.9177863,-0.3591521,0.18326683,0.26001522,0.44728243,0.049275182,-0.024938,-0.07145085,0.11829341,-0.0007127766,0.051951807,-0.04429097,-0.023613859,0.32409325,-0.16373523,-0.049526177,0.49269935,-0.021725269
341,0.038207028,0.18131512,-0.09604111,-0.95556843,-0.0044474155,-0.2560226,0.06427152,0.24876049,0.29219013,-0.3894993,0.18112348,0.2579898,-0.014003988,-0.220466,-0.09909452,-0.06422021,-0.8660067,0.041767,0.19005416,-0.7684473,-0.07049981,0.36735338,-0.4072418,-0.22895513,0.107937835,-0.07180343,-0.112594366,0.085450076,0.61146873,-0.5091252,0.20429055,0.33238605,0.30352667,-0.19056624,0.68870544,0.07201664,-0.2612477,0.053550035,0.11860297,-0.1252235,0.036597267,0.29382727,-0.00065424934,-0.0462246,-0.1583037,0.1978556,-0.9150635,-0.36264908,0.206866,0.25857952,0.43258426,0.057129256,-0.025790127,-0.06809229,0.12323651,-0.005687753,0.048442215,-0.023516107,-0.03666015,0.33520865,-0.17369343,-0.047706515,0.502972,-0.03287123
342,0.033128295,0.16408482,-0.1003695,-0.95931613,-0.011972802,-0.25641173,0.06228808,0.23140675,0.29977852,-0.37091202,0.1687675,0.24682152,-0.011712294,-0.22117932,-0.10055442,-0.0621013,-0.87923187,0.039994124,0.19096914,-0.7641165,-0.07923356,0.36803746,-0.38853356,-0.21723197,0.11322356,-0.07148947,-0.111444384,0.07080553,0.58864903,-0.50219005,0.18545209,0.3338021,0.28870013,-0.19261673,0.6829543,0.08010919,-0.26182482,0.056901988,0.10618722,-0.13752894,0.030843437,0.2818308,0.0056621986,-0.029565526,-0.1452959,0.1900161,-0.91511554,-0.34490764,0.18969725,0.253873,0.42684388,0.049309283,-0.024965238,-0.06538821,0.121477425,0.0017727097,0.048520323,-0.021932602,-0.0311734,0.31671566,-0.16678138,-0.04911367,0.51322275,-0.026508661
343,0.026396552,0.15692149,-0.093799435,-0.9576433,-0.0090366285,-0.2214467,0.058907803,0.2329109,0.2929039,-0.36175737,0.17521316,0.24129762,-0.010845552,-0.19103432,-0.09982143,-0.06255227,-0.88002855,0.037472088,0.1891753,-0.75051653,-0.07620279,0.3594902,-0.37697595,-0.23046115,0.09988795,-0.07089861,-0.11738957,0.0688147,0.5631558,-0.49666014,0.17639717,0.3404307,0.28006926,-0.17908841,0.69517255,0.073667005,-0.26774696,0.062764965,0.09734167,-0.13354258,0.033603933,0.28018272,0.0010941031,-0.028045718,-0.16060391,0.1799925,-0.916874,-0.3556559,0.18811543,0.25196093,0.4474885,0.049005203,-0.021876054,-0.06812355,0.120980605,0.0016050513,0.053794023,-0.034864265,-0.03175912,0.3174497,-0.15837565,-0.04847738,0.50177765,-0.024593703
344,0.033908177,0.16840883,-0.098856755,-0.9603478,-0.010421254,-0.25583678,0.06462434,0.23379835,0.3021364,-0.3707087,0.17117873,0.25071302,-0.012400834,-0.22052033,-0.09917194,-0.061920427,-0.8790821,0.04047289,0.19234873,-0.7656951,-0.078685336,0.37129772,-0.3915918,-0.21850261,0.1117459,-0.07305897,-0.10848576,0.07356212,0.5974537,-0.5056482,0.19203372,0.33635962,0.2933014,-0.19052188,0.67873615,0.0784082,-0.26423016,0.056990966,0.107444614,-0.13727929,0.03212414,0.28114602,0.0068764174,-0.03160585,-0.14970158,0.19204482,-0.9163722,-0.35342687,0.19215785,0.25536564,0.4292625,0.050803512,-0.026318291,-0.069442146,0.11843255,0.00043946865,0.048587363,-0.020269621,-0.031780712,0.32036203,-0.1674679,-0.048776336,0.5151839,-0.02963346
345,0.027122542,0.16257767,-0.09592269,-0.9621844,-0.011312297,-0.22825332,0.0606812,0.23032087,0.29747432,-0.37254098,0.17932002,0.24052317,-0.016586222,-0.20989676,-0.10963352,-0.06110827,-0.87658757,0.038281713,0.19035338,-0.76265293,-0.079777315,0.36583677,-0.3723884,-0.22098859,0.10505018,-0.07170302,-0.11198698,0.06934451,0.57912445,-0.48722526,0.18341838,0.3370661,0.2818187,-0.1877649,0.68446535,0.08080923,-0.26901516,0.05965414,0.10716761,-0.1362401,0.034557942,0.27913707,0.007990597,-0.031339608,-0.15323375,0.18104282,-0.91842306,-0.35305583,0.1886194,0.25496432,0.44913477,0.04891689,-0.027543519,-0.06841041,0.119956665,0.0005695948,0.051150944,-0.028705403,-0.029436536,0.31347296,-0.1625983,-0.047735568,0.50446886,-0.022878543
346,0.03598015,0.17142762,-0.09426464,-0.96086174,-0.007823059,-0.23793395,0.05639522,0.23142017,0.30248424,-0.35354424,0.17664376,0.24557886,-0.015635947,-0.20665675,-0.10777822,-0.06435862,-0.8701261,0.041490838,0.18663378,-0.7611524,-0.06918867,0.35894528,-0.36897033,-0.20841159,0.10312604,-0.073862955,-0.11069327,0.08068696,0.5654736,-0.49018133,0.18331292,0.3463284,0.27558038,-0.1717334,0.69892734,0.07166693,-0.25755367,0.0586746,0.102518134,-0.13060285,0.028414078,0.26666716,0.0030381104,-0.0345924,-0.16058801,0.17534418,-0.9209647,-0.3473407,0.18522622,0.2471049,0.42442462,0.050893042,-0.024621055,-0.06822616,0.118068114,-0.0012527471,0.053301383,-0.032502823,-0.031366456,0.31874505,-0.16560924,-0.048056405,0.49115208,-0.027497662
347,0.0412734,0.17802112,-0.10016002,-0.9543308,-0.007836472,-0.24577531,0.06178659,0.23533024,0.2937311,-0.37802535,0.17390415,0.25151038,-0.017522218,-0.21275948,-0.09728282,-0.06464471,-0.8766395,0.0404377,0.19055673,-0.7597902,-0.07240583,0.3617467,-0.39571318,-0.22607116,0.10382077,-0.07305875,-0.11242785,0.07801774,0.58824754,-0.51264364,0.18826357,0.33673096,0.2981093,-0.1828732,0.6820972,0.06530765,-0.26642582,0.058569994,0.111815445,-0.13210584,0.03272097,0.2939519,0.0035378227,-0.04063274,-0.1601082,0.18845065,-0.91693175,-0.3634621,0.19399877,0.26877004,0.42320088,0.05298591,-0.024639072,-0.06999143,0.11907453,-0.0013627114,0.052895643,-0.03168053,-0.032694586,0.33069223,-0.17172697,-0.05042838,0.50925493,-0.030549653
348,0.03440596,0.16469797,-0.10270898,-0.95945597,-0.013124568,-0.24699019,0.062565215,0.22898315,0.30345544,-0.36616263,0.16846071,0.24722347,-0.013223009,-0.21804512,-0.10400092,-0.06221262,-0.8800422,0.039724898,0.19186723,-0.7616904,-0.08046858,0.36516088,-0.38418907,-0.21596335,0.11029656,-0.072536305,-0.109143175,0.067122,0.586914,-0.5044582,0.18427244,0.33945298,0.28983954,-0.18735635,0.6770223,0.078423455,-0.2641928,0.056823805,0.103573926,-0.13909307,0.029831283,0.2807635,0.008697825,-0.028284764,-0.1494974,0.18707834,-0.91677576,-0.3542799,0.18795185,0.2588858,0.42944953,0.048755474,-0.02504707,-0.0697561,0.116767555,0.0033115824,0.05273889,-0.024627415,-0.02894472,0.316327,-0.16729833,-0.048091117,0.5171861,-0.027831092
349,0.034191485,0.16014372,-0.094504826,-0.96238977,-0.011589866,-0.23367153,0.054872327,0.22333878,0.30731928,-0.34028187,0.16723014,0.24187127,-0.011740246,-0.19833401,-0.09848142,-0.061805476,-0.877608,0.040672265,0.18589686,-0.75509894,-0.073977225,0.35903427,-0.36250123,-0.20816043,0.102147534,-0.073864415,-0.10988235,0.07757567,0.55232877,-0.49057752,0.17186818,0.34756213,0.26548308,-0.168204,0.6986438,0.075855285,-0.2589163,0.060215205,0.09285004,-0.13237043,0.026612539,0.25966927,0.0034204402,-0.026025241,-0.15987787,0.16822582,-0.9188109,-0.34468123,0.17593507,0.2429337,0.42428043,0.047240563,-0.020454887,-0.066591725,0.1153074,0.0027146102,0.053014554,-0.030547515,-0.030136256,0.31391978,-0.1596111,-0.046618886,0.4972285,-0.02270274
350,0.033300646,0.16366342,-0.09404962,-0.9610907,-0.009380873,-0.239372,0.054555975,0.227949,0.3060951,-0.3457862,0.16883886,0.24402009,-0.011549205,-0.20167917,-0.097373396,-0.062984504,-0.87761796,0.04135836,0.18732877,-0.7604342,-0.07253159,0.36006916,-0.36633173,-0.20929219,0.10361342,-0.073298186,-0.108574234,0.08260267,0.5583429,-0.49141553,0.17764238,0.34412903,0.26845562,-0.16742153,0.6990329,0.07491098,-0.26091635,0.061226282,0.09632546,-0.13124634,0.027622892,0.26109183,0.00028518826,-0.030279731,-0.16223657,0.17386736,-0.9200269,-0.34373158,0.17919172,0.24294661,0.42630097,0.049332533,-0.021581369,-0.06725242,0.11792655,-0.00022205058,0.05171398,-0.027394949,-0.032770414,0.31574184,-0.15892543,-0.046971098,0.49580488,-0.025101602
351,0.029360268,0.16553625,-0.08912478,-0.95779574,-0.00516361,-0.23062879,0.058772538,0.2435935,0.29003873,-0.37341422,0.1841526,0.24329476,-0.013414796,-0.19374618,-0.10968003,-0.06445152,-0.8702235,0.037983384,0.18834695,-0.756826,-0.07275148,0.3587564,-0.38641897,-0.23035161,0.10306454,-0.069939695,-0.119217634,0.0713928,0.57851475,-0.48892772,0.18980652,0.3387076,0.28941673,-0.1842076,0.6991952,0.07285077,-0.26628563,0.05765096,0.10702637,-0.13033332,0.036826037,0.28469342,0.00032383145,-0.03480785,-0.1637881,0.18663768,-0.9174908,-0.35476044,0.19773956,0.25038603,0.44864276,0.051772412,-0.024109297,-0.0680576,0.12261672,-0.0009627317,0.056338772,-0.036561225,-0.033511642,0.31897545,-0.16342911,-0.047713503,0.49602357,-0.02928673
352,0.03332326,0.16493124,-0.09779559,-0.9596954,-0.010210466,-0.25534216,0.0635519,0.22679777,0.30563456,-0.36212656,0.16778784,0.24942587,-0.014042927,-0.21254453,-0.09975397,-0.059772357,-0.87805355,0.039404582,0.18589382,-0.75729924,-0.079741724,0.3714792,-0.39057076,-0.21816085,0.11152551,-0.07337709,-0.10784592,0.069052756,0.59098744,-0.50818866,0.1856843,0.33764035,0.2887741,-0.18800221,0.6783949,0.07950586,-0.2616707,0.055732775,0.10576397,-0.13565584,0.030880881,0.28215083,0.0065646023,-0.027644617,-0.14831255,0.18735248,-0.9134758,-0.34957004,0.18634258,0.25588924,0.4249863,0.04826545,-0.024962135,-0.06891279,0.115119986,0.0019674045,0.044497862,-0.02341924,-0.028169656,0.32028782,-0.16700195,-0.04940402,0.5158079,-0.026887469
353,0.02990775,0.15854435,-0.09965366,-0.95701253,-0.010455718,-0.23828214,0.059436012,0.22262621,0.30152768,-0.34236678,0.16341245,0.24914394,-0.012627929,-0.19229232,-0.09577716,-0.061549585,-0.8791213,0.039933864,0.18274346,-0.7477543,-0.07499711,0.36647832,-0.37923455,-0.21716246,0.10570352,-0.07452076,-0.11097751,0.073199295,0.5652561,-0.5100981,0.17246455,0.340324,0.2721871,-0.17036085,0.69261736,0.075282104,-0.25778747,0.05953804,0.094031505,-0.13150585,0.02947572,0.26873332,-0.0008347879,-0.024963092,-0.15381955,0.17494594,-0.917071,-0.34487787,0.18031701,0.2477987,0.4218405,0.047279797,-0.020616695,-0.06849028,0.118123874,0.002413998,0.04792659,-0.031007932,-0.028352177,0.32172912,-0.16104221,-0.0494597,0.50565684,-0.022073032
354,0.03616205,0.16775495,-0.099625245,-0.9610146,-0.011805269,-0.25378588,0.06320046,0.22567667,0.30501354,-0.3730447,0.16890188,0.2438738,-0.012195406,-0.22564083,-0.10124255,-0.062223442,-0.8840563,0.03971979,0.19661337,-0.76530176,-0.07900236,0.36469215,-0.38270324,-0.21823074,0.10856088,-0.07424734,-0.10710821,0.0709535,0.5818826,-0.50259244,0.18569252,0.34100127,0.2907765,-0.19119464,0.6754398,0.07490483,-0.27021584,0.06250111,0.10763266,-0.14151075,0.029568423,0.2830962,0.010016497,-0.03048888,-0.1506306,0.18755488,-0.91604733,-0.3544901,0.18435675,0.26373512,0.4303796,0.0497418,-0.028093131,-0.06947868,0.116636194,0.00086931826,0.050248183,-0.023586895,-0.03018267,0.31647035,-0.16777106,-0.050825566,0.51629597,-0.028601171
355,0.023562238,0.16254954,-0.09562618,-0.9607632,-0.012857789,-0.22042027,0.06656642,0.230399,0.29299074,-0.37150222,0.18784367,0.23931085,-0.016533794,-0.18736812,-0.1063323,-0.059894506,-0.87869066,0.03749825,0.19084944,-0.75611264,-0.07944324,0.3631481,-0.3752113,-0.23300968,0.10306858,-0.06926276,-0.117873415,0.062663384,0.5783281,-0.4927796,0.18046507,0.33804393,0.28271815,-0.18462694,0.680426,0.07931938,-0.2705713,0.06147839,0.10334206,-0.1393069,0.034779858,0.27753544,0.009400466,-0.023210134,-0.15215804,0.17780001,-0.91693646,-0.36092365,0.18507959,0.26312104,0.45198697,0.047254488,-0.024574084,-0.07201702,0.11752129,0.0019711622,0.050391328,-0.035668485,-0.024165062,0.3208027,-0.16370691,-0.049222548,0.5079201,-0.021562614
356,0.031916793,0.15870176,-0.09896774,-0.9598085,-0.012450562,-0.22971462,0.05451692,0.22460724,0.30322066,-0.3407102,0.16704346,0.24264812,-0.012515722,-0.19784987,-0.10058465,-0.06266504,-0.8755444,0.040926743,0.18588276,-0.75502926,-0.074173085,0.35590857,-0.36142114,-0.20830616,0.10339475,-0.072093986,-0.1117967,0.07656946,0.55038375,-0.48868254,0.17073801,0.3432222,0.26373887,-0.16665445,0.7008737,0.076978415,-0.25739175,0.059271503,0.09076056,-0.13161027,0.026545264,0.2582098,0.00028274936,-0.0272039,-0.15947857,0.16956668,-0.92061937,-0.34191316,0.17825526,0.242232,0.42363927,0.04754972,-0.020358432,-0.067228466,0.11968288,0.002630356,0.05388642,-0.031185176,-0.030807013,0.31364262,-0.15905187,-0.04664245,0.49436188,-0.022255981
357,0.033403717,0.16400385,-0.097788185,-0.9578998,-0.009954361,-0.26323596,0.06595698,0.23085837,0.3005167,-0.37947705,0.16843173,0.24442022,-0.010800402,-0.21653694,-0.09780185,-0.062218834,-0.88642246,0.038225617,0.19520183,-0.7613798,-0.07885341,0.36749694,-0.40119684,-0.22828852,0.11133615,-0.07261494,-0.110358015,0.0661734,0.59224683,-0.510717,0.18846303,0.33814967,0.29885882,-0.19723605,0.67721677,0.07525497,-0.2694944,0.06067233,0.10912642,-0.1409414,0.03240445,0.29195556,0.007831353,-0.028103359,-0.14802201,0.19455747,-0.9124838,-0.35289383,0.19033156,0.26458305,0.43016174,0.04947069,-0.025694426,-0.06730964,0.11786371,0.0021150592,0.0497764,-0.024031844,-0.029730843,0.31717312,-0.16675198,-0.051174443,0.5218689,-0.030739808
358,0.031989455,0.16043879,-0.09310079,-0.9604344,-0.00849893,-0.2440231,0.060027637,0.22341219,0.30526948,-0.34451473,0.1659238,0.24562788,-0.0107692685,-0.19505173,-0.09336703,-0.059841815,-0.87958753,0.039616607,0.18390599,-0.7486081,-0.07397073,0.36736616,-0.38032752,-0.21733767,0.10325182,-0.07503461,-0.108556904,0.07590236,0.5648746,-0.504898,0.17607254,0.34476343,0.2747366,-0.17510097,0.6934811,0.07465991,-0.2597646,0.06053455,0.09627421,-0.13109551,0.029278291,0.2705568,0.0019640408,-0.025493419,-0.15724702,0.1742779,-0.9143013,-0.34716195,0.17891593,0.24699971,0.42305914,0.04792672,-0.021695103,-0.068553545,0.11516474,0.0018115474,0.046214435,-0.029656673,-0.02934601,0.32215813,-0.16134205,-0.04961579,0.50437886,-0.02382292
359,0.02690349,0.16202925,-0.098702215,-0.95421964,-0.008351323,-0.21592416,0.058960084,0.23556517,0.2866419,-0.36658448,0.18082698,0.24374905,-0.018427527,-0.19311967,-0.115816064,-0.066497795,-0.8733699,0.037648167,0.1892049,-0.75338787,-0.07377286,0.35381144,-0.375633,-0.22910306,0.1019527,-0.07005079,-0.12188365,0.06479642,0.5669239,-0.49242783,0.17948125,0.33851343,0.282748,-0.17645665,0.69572103,0.07095669,-0.26593155,0.060136728,0.10237449,-0.13410047,0.03490702,0.2818102,-5.8832673e-05,-0.032326028,-0.15894991,0.18064208,-0.9220356,-0.3543773,0.19475271,0.25438014,0.44759655,0.049582385,-0.023744194,-0.069083184,0.124488056,0.00011990141,0.06035078,-0.042689204,-0.030241244,0.31611463,-0.16283609,-0.04923504,0.49555174,-0.026737876
360,0.032835644,0.15829955,-0.09561075,-0.96140736,-0.011554522,-0.23038115,0.053874057,0.22314966,0.30483925,-0.33778322,0.16762991,0.24252732,-0.0124138035,-0.19632958,-0.09845558,-0.06233697,-0.8762215,0.040750198,0.18581362,-0.7544285,-0.07355364,0.3576447,-0.3602833,-0.20830803,0.10157239,-0.07283502,-0.11093655,0.076880224,0.54920596,-0.48955688,0.1699053,0.34747672,0.2628011,-0.16562161,0.7010041,0.07674195,-0.25749528,0.060680196,0.091273375,-0.13189812,0.026676532,0.2581801,0.001984853,-0.026250424,-0.15991005,0.16574897,-0.9200528,-0.34382284,0.17636839,0.23972574,0.42533523,0.047235835,-0.019608757,-0.06603723,0.11683511,0.0026161093,0.053975873,-0.03231245,-0.029969271,0.3144461,-0.15931849,-0.04698351,0.4957718,-0.021745957
361,0.03370617,0.16075256,-0.101987466,-0.95319384,-0.008139612,-0.2515043,0.060846917,0.229048,0.2979713,-0.36997205,0.16141355,0.24601662,-0.0065614865,-0.22167908,-0.09655075,-0.06444929,-0.88119733,0.03884546,0.19386387,-0.7565144,-0.074442804,0.35682905,-0.39402178,-0.23150548,0.10955652,-0.07797456,-0.1186324,0.06391285,0.5616013,-0.5159423,0.18115427,0.34740958,0.3013813,-0.2015622,0.6836388,0.072077736,-0.26133716,0.0609998,0.09998536,-0.13955495,0.029077591,0.29618126,0.011774324,-0.03293694,-0.14778504,0.19603144,-0.9144171,-0.35144144,0.18727241,0.26661128,0.42677334,0.049818516,-0.025425332,-0.064528674,0.11983918,0.0038800694,0.045112763,-0.030489745,-0.026765367,0.3122024,-0.1684946,-0.053766966,0.51478124,-0.034087326
362,0.039130054,0.16740145,-0.09616295,-0.95791173,-0.008065382,-0.24490656,0.060190298,0.22959742,0.30256295,-0.36270258,0.16918367,0.24935101,-0.011977841,-0.2116826,-0.093513474,-0.061901372,-0.87392473,0.039644826,0.18761991,-0.75406545,-0.07424031,0.36455497,-0.38879904,-0.22454782,0.1072186,-0.07706888,-0.11379628,0.069789246,0.57153386,-0.5143096,0.18331349,0.35167748,0.29615557,-0.19446044,0.6842274,0.072694436,-0.25874537,0.05827687,0.10077197,-0.13602246,0.029175205,0.29088753,0.011382659,-0.03084095,-0.15072349,0.18916516,-0.9131253,-0.35741705,0.18573588,0.260648,0.42518875,0.049915522,-0.025051001,-0.06701019,0.11513286,0.002619578,0.04608403,-0.03041476,-0.026964827,0.32201007,-0.17028648,-0.050884373,0.5101961,-0.030157069
363,0.027707659,0.16249286,-0.09853969,-0.95974195,-0.011856499,-0.2218833,0.059302744,0.2355182,0.29288357,-0.36711377,0.18056993,0.24659505,-0.016181123,-0.19845273,-0.110572025,-0.062458396,-0.87015593,0.03879937,0.18703105,-0.7581586,-0.08020763,0.36354947,-0.37423173,-0.22080596,0.106598765,-0.06947999,-0.11873369,0.06507793,0.58360314,-0.49363387,0.1821009,0.3367949,0.28458554,-0.18430588,0.6866834,0.08255248,-0.2620123,0.05555921,0.10501606,-0.13517092,0.0331965,0.27970308,0.006325843,-0.029532017,-0.14892615,0.18438312,-0.91943437,-0.35382563,0.19553503,0.24945349,0.4471035,0.048853677,-0.02482851,-0.06688106,0.121473886,0.0015225934,0.052474372,-0.031750225,-0.030193606,0.31807607,-0.1660836,-0.046748802,0.50321984,-0.024147695
364,0.029741025,0.16644816,-0.090907015,-0.9571448,-0.0064440337,-0.22311968,0.059533928,0.2377333,0.29215705,-0.36648265,0.185654,0.24364947,-0.015176028,-0.19044028,-0.11499322,-0.065277986,-0.8702505,0.037575733,0.18598086,-0.75192136,-0.071451664,0.35567456,-0.3811713,-0.23061195,0.1035762,-0.071590856,-0.12223508,0.06453495,0.5706726,-0.49337325,0.18394823,0.34423637,0.2880148,-0.18241006,0.6996236,0.07095793,-0.26256827,0.058313817,0.104014486,-0.13338602,0.03458723,0.28349116,0.0045895805,-0.030439941,-0.15781794,0.1861479,-0.9190471,-0.35428903,0.19422802,0.25679523,0.44346297,0.050481863,-0.024927331,-0.06742291,0.11985427,-0.00020906441,0.05444576,-0.04248834,-0.028370377,0.317471,-0.16391367,-0.049609553,0.4952519,-0.02918099
365,0.03624719,0.16961494,-0.09310831,-0.96151125,-0.008081167,-0.23884557,0.056120634,0.22863866,0.30398113,-0.35284406,0.17440923,0.24381043,-0.016243035,-0.20482633,-0.10624076,-0.0638122,-0.8719859,0.041097164,0.1863678,-0.7607066,-0.07014471,0.3588612,-0.36882713,-0.20889468,0.10261358,-0.07434106,-0.10969532,0.081412174,0.56264484,-0.48811936,0.1815132,0.34646738,0.27274206,-0.17093387,0.6989537,0.071638525,-0.25962844,0.059208415,0.10269007,-0.13018307,0.029017264,0.2658965,0.0026295267,-0.033767007,-0.16261153,0.17165545,-0.9202531,-0.34708655,0.1824042,0.247564,0.4248146,0.04987696,-0.023852102,-0.06823721,0.11705869,-0.0003683156,0.054888703,-0.03310626,-0.030719714,0.31684753,-0.16414508,-0.047455575,0.4923694,-0.026003044
366,0.034232903,0.15788448,-0.09206262,-0.9625658,-0.010809896,-0.23708099,0.060692858,0.21398407,0.31251043,-0.33377036,0.16576764,0.24263997,-0.012353658,-0.18696535,-0.09578973,-0.059843272,-0.88088834,0.038773146,0.18381642,-0.73912686,-0.074472405,0.36428624,-0.37514392,-0.21855623,0.10258125,-0.076954015,-0.11072538,0.06749391,0.55110204,-0.50562835,0.16822122,0.3557592,0.27090886,-0.17625858,0.69402254,0.07426433,-0.25857452,0.062373497,0.090045385,-0.13606958,0.027598029,0.26660696,0.008890013,-0.016910775,-0.15238492,0.16883488,-0.9138291,-0.34947446,0.17184809,0.25322488,0.4177906,0.04620895,-0.021558348,-0.068966836,0.10941393,0.004611719,0.045597866,-0.035215896,-0.022634294,0.31972063,-0.16193771,-0.05008508,0.5070848,-0.020950591
367,0.025866019,0.15713392,-0.09096503,-0.9582859,-0.0082478635,-0.22299236,0.058212295,0.23899616,0.29200938,-0.36011893,0.17885016,0.24112955,-0.009182803,-0.1840627,-0.10138771,-0.06259755,-0.875066,0.03775688,0.18755856,-0.7508079,-0.07498749,0.3558343,-0.37904078,-0.23004223,0.101219185,-0.06946724,-0.11971045,0.06932532,0.5655994,-0.48995817,0.17917062,0.34093878,0.28081182,-0.1777213,0.6985964,0.07620042,-0.264947,0.05933277,0.09665287,-0.13092047,0.03383357,0.27567956,0.0007568397,-0.02793817,-0.16252595,0.18113893,-0.91709685,-0.3520715,0.19106705,0.24666175,0.448255,0.049232446,-0.020720316,-0.06694613,0.120505586,0.0015656168,0.0539344,-0.03658736,-0.03223496,0.3167484,-0.15981945,-0.04753005,0.49822816,-0.026525619
368,0.032632183,0.16140364,-0.095285445,-0.9608506,-0.010504498,-0.25266442,0.061232205,0.22906183,0.30591246,-0.3595823,0.16813184,0.24656144,-0.010772657,-0.21130514,-0.10048919,-0.060964063,-0.87811035,0.039633125,0.18661007,-0.7596841,-0.07712124,0.36728597,-0.387823,-0.21560192,0.11125511,-0.07322666,-0.11114092,0.069158696,0.5840613,-0.50253254,0.18222317,0.3431605,0.2860108,-0.18851386,0.6883931,0.08169382,-0.256373,0.056038164,0.102583125,-0.13535392,0.030005665,0.27644166,0.009334075,-0.026194843,-0.14652526,0.18501173,-0.9147479,-0.34574625,0.18689398,0.25118825,0.42398164,0.048365828,-0.02408684,-0.06514136,0.11562134,0.0027721694,0.04737965,-0.02605507,-0.026994335,0.31372517,-0.16446851,-0.047935396,0.5136478,-0.026878681
369,0.03260477,0.15858673,-0.09337147,-0.95981145,-0.009887813,-0.24026492,0.056087226,0.23114128,0.30411458,-0.34581202,0.16940707,0.24248032,-0.00805199,-0.18960835,-0.094834566,-0.06280761,-0.8780105,0.03988458,0.18793519,-0.7528205,-0.0738413,0.35609227,-0.3761397,-0.21593559,0.102757975,-0.071813494,-0.112169236,0.07531844,0.5586267,-0.49261853,0.1765107,0.3455082,0.27369237,-0.16992025,0.6976802,0.07500436,-0.26106116,0.05934352,0.091084555,-0.13135646,0.028894803,0.26424176,0.0007946815,-0.02648336,-0.16380961,0.174535,-0.91706026,-0.3469789,0.18145527,0.24277003,0.42835617,0.048584796,-0.019647552,-0.06800321,0.11594145,0.0031126083,0.054068577,-0.03114882,-0.03193199,0.31609383,-0.16017932,-0.04690035,0.50192636,-0.026786448
370,0.03348477,0.1640224,-0.10426377,-0.95993984,-0.014056211,-0.24224748,0.058377907,0.22904104,0.30299067,-0.35798907,0.16748284,0.25044698,-0.015003415,-0.22092357,-0.105712324,-0.062499177,-0.8734502,0.04132633,0.18794595,-0.76452625,-0.080352336,0.36511993,-0.37382463,-0.20770913,0.11230928,-0.07142891,-0.110242516,0.07120981,0.5842239,-0.4982734,0.18129985,0.3358663,0.2795563,-0.1811993,0.6834967,0.08292762,-0.257201,0.05454609,0.10167848,-0.13569544,0.028967198,0.27163005,0.0058227284,-0.030035045,-0.14741133,0.18267445,-0.9197508,-0.34683087,0.18756247,0.24875908,0.42743343,0.04845676,-0.02353528,-0.06705031,0.119298995,0.0026158888,0.051838897,-0.023565013,-0.029748155,0.31515697,-0.1667355,-0.046451353,0.51016027,-0.024372961
371,0.02493275,0.1518878,-0.09605067,-0.96027476,-0.011996259,-0.20973366,0.05456303,0.22204591,0.29743215,-0.34699667,0.17351092,0.23546489,-0.015694741,-0.18973681,-0.10655838,-0.063250154,-0.8799235,0.037787728,0.18941775,-0.75213414,-0.07588387,0.35160384,-0.3533945,-0.22033691,0.09758859,-0.07149802,-0.11630537,0.07052092,0.5382276,-0.4796301,0.16560923,0.34388772,0.26049924,-0.1664183,0.69979167,0.07580778,-0.26793447,0.06488867,0.0913374,-0.13467671,0.031092284,0.26230612,0.0015880645,-0.025930796,-0.16280955,0.16389243,-0.9223282,-0.34712178,0.17688072,0.2456055,0.44750285,0.046055704,-0.02127397,-0.067266725,0.11967077,0.0027012518,0.057513505,-0.039676655,-0.02824409,0.30803037,-0.15448527,-0.047733907,0.49264815,-0.019814309
372,0.03187013,0.1588119,-0.10179592,-0.95905614,-0.013172923,-0.24742618,0.06093391,0.22951111,0.30271733,-0.3584909,0.16585563,0.24785347,-0.010982768,-0.21714754,-0.10508552,-0.061790325,-0.87659276,0.039790895,0.18802339,-0.7600592,-0.079542555,0.3646176,-0.38375613,-0.21359298,0.11425862,-0.07133182,-0.11318497,0.065148935,0.58186954,-0.5020324,0.17958185,0.3370771,0.28505924,-0.18935014,0.6878275,0.083841674,-0.2551777,0.054345097,0.098920956,-0.13745987,0.029057352,0.27630207,0.0074388804,-0.025267547,-0.14366564,0.1878334,-0.91632885,-0.34274355,0.18836154,0.24960993,0.42391273,0.0477852,-0.023431951,-0.06544272,0.120334975,0.004166319,0.04936001,-0.024760999,-0.027749758,0.31195664,-0.16418825,-0.047654286,0.51369715,-0.026076693
373,0.027642345,0.15635428,-0.088561304,-0.9604181,-0.008083317,-0.2278314,0.057890926,0.22983949,0.29601184,-0.3625875,0.17571571,0.23698837,-0.0114095565,-0.1888585,-0.09805649,-0.06156432,-0.8823458,0.037010226,0.19072546,-0.75215745,-0.076340936,0.36018318,-0.3761917,-0.23060793,0.09880166,-0.071381085,-0.114880696,0.07120726,0.5590992,-0.49008486,0.17714721,0.34275496,0.27746618,-0.18064085,0.69619685,0.07359971,-0.27290508,0.06487551,0.099398226,-0.13430668,0.034368917,0.27901533,0.0020706644,-0.027753875,-0.16519387,0.17545252,-0.9155263,-0.35489768,0.18376333,0.25106427,0.4493698,0.04848573,-0.021718116,-0.0679556,0.11879409,0.0018569108,0.05480585,-0.034171596,-0.03178115,0.3154315,-0.15657552,-0.048310675,0.5017628,-0.02387719
374,0.03412951,0.16972251,-0.0944588,-0.95830166,-0.0067318436,-0.24561101,0.059808634,0.23868132,0.2986287,-0.36175686,0.17682742,0.2475853,-0.011850476,-0.20348942,-0.103995845,-0.06429631,-0.87055266,0.040806845,0.18723175,-0.75947696,-0.07002258,0.36117122,-0.38641864,-0.2161375,0.1055366,-0.07303991,-0.112508565,0.07849692,0.5785276,-0.4961171,0.1891801,0.3428182,0.2852234,-0.17776774,0.69703275,0.072230324,-0.25802118,0.056361232,0.10272867,-0.12898122,0.031812653,0.27311066,0.00089091755,-0.034746967,-0.16130224,0.18278468,-0.91807616,-0.34990746,0.19151165,0.24896228,0.42695916,0.052116197,-0.02431206,-0.06934308,0.11958625,-0.00089918886,0.053934645,-0.031744234,-0.032221977,0.32179955,-0.16707036,-0.047751453,0.49848524,-0.029790897
375,0.03282585,0.16184919,-0.091789074,-0.9624381,-0.00979209,-0.23873879,0.054704558,0.22445172,0.3072784,-0.34344518,0.1683146,0.24150664,-0.011952094,-0.19673932,-0.09563571,-0.06189018,-0.8785356,0.04083925,0.18569757,-0.758042,-0.07283707,0.3603613,-0.36516008,-0.20832255,0.101682924,-0.07394959,-0.10832673,0.08297041,0.5546708,-0.48886684,0.1744886,0.34521002,0.26505175,-0.16635941,0.69979787,0.07524707,-0.26158535,0.061318137,0.09652508,-0.12996644,0.028043088,0.25970381,0.001290093,-0.028902082,-0.16308816,0.1666476,-0.9186398,-0.3435024,0.17613696,0.24229813,0.42566735,0.047979545,-0.020873085,-0.06667774,0.11588032,0.0011993326,0.052594118,-0.029179737,-0.031941768,0.3150201,-0.1581797,-0.046213273,0.49626514,-0.022635436
376,0.029351972,0.1556077,-0.088869825,-0.958838,-0.0067285583,-0.25588334,0.059904505,0.23590523,0.30310407,-0.35229346,0.16797729,0.24345268,-0.0037807962,-0.19332318,-0.0916737,-0.061908215,-0.8814189,0.03889326,0.18798,-0.75255454,-0.0720118,0.3627058,-0.3958688,-0.22384027,0.10680604,-0.07204546,-0.11236581,0.074068315,0.570901,-0.501824,0.18176687,0.34448403,0.28295204,-0.18136686,0.70138353,0.0765012,-0.25908968,0.059799626,0.093657605,-0.13127027,0.03151853,0.2716137,0.0011533601,-0.02484739,-0.15895586,0.1842542,-0.91293323,-0.3433565,0.18585879,0.24318314,0.42706737,0.049570467,-0.020122388,-0.065462105,0.11728461,0.0023232994,0.049117003,-0.028660866,-0.03100993,0.31595048,-0.15834197,-0.048486885,0.50881416,-0.0292521
377,0.029912673,0.16731414,-0.09213122,-0.9580591,-0.005926195,-0.22562921,0.06036606,0.23801965,0.29018095,-0.37430128,0.18460591,0.24187878,-0.015500249,-0.19845873,-0.111887224,-0.06469799,-0.87455314,0.03767588,0.1904259,-0.7565503,-0.07232948,0.35824317,-0.38077506,-0.2305163,0.10133763,-0.07109612,-0.117827244,0.06978605,0.57342476,-0.4918767,0.18682972,0.3401126,0.28929713,-0.1842722,0.6948738,0.06963437,-0.26937315,0.061175324,0.10794306,-0.13362217,0.035632268,0.2871892,0.00256018,-0.03430844,-0.16201307,0.18552786,-0.9185964,-0.35735005,0.19501956,0.25698313,0.44866315,0.051477112,-0.026102005,-0.06964642,0.122535445,-0.0015341345,0.056392007,-0.03760198,-0.032378122,0.31882063,-0.1634946,-0.04963049,0.4957685,-0.028950775
378,0.03640407,0.1660497,-0.1022287,-0.95447624,-0.009734393,-0.23283465,0.058473263,0.23063181,0.29766092,-0.3603644,0.1736308,0.24919249,-0.014783746,-0.20834775,-0.104117855,-0.0654916,-0.871971,0.039820995,0.18942524,-0.7555046,-0.07247608,0.356384,-0.3809428,-0.22119476,0.10643078,-0.07240254,-0.11592688,0.06663868,0.56652313,-0.5071849,0.17956923,0.34866148,0.28750607,-0.18333502,0.69320184,0.07187648,-0.2572778,0.05907082,0.09786767,-0.13617556,0.029112477,0.28341702,0.0059442194,-0.032522023,-0.15483437,0.18427065,-0.919052,-0.3559437,0.1887267,0.2582481,0.4258862,0.050711684,-0.023291312,-0.068664886,0.120346315,0.0017128157,0.05659107,-0.03623381,-0.027131801,0.31979755,-0.16696422,-0.04950844,0.50511265,-0.028449861
379,0.026367685,0.16191329,-0.099633306,-0.9572607,-0.011142422,-0.23156968,0.063701704,0.23676246,0.28904814,-0.38111243,0.17919366,0.24641095,-0.014549536,-0.205064,-0.10634726,-0.06198496,-0.8764322,0.037748836,0.19012566,-0.75958145,-0.0815797,0.3692515,-0.38880366,-0.23049651,0.10865624,-0.0697704,-0.11667857,0.06301133,0.5942257,-0.50157136,0.18662895,0.33099592,0.29342565,-0.19421849,0.68154275,0.08081079,-0.2687973,0.057420805,0.109307036,-0.13656238,0.03711832,0.29141203,0.004539012,-0.031086748,-0.14881262,0.19081056,-0.9159701,-0.35710695,0.1982218,0.25756803,0.4505414,0.049935922,-0.026027022,-0.06850942,0.124437004,0.0010236332,0.052268054,-0.027892277,-0.03125643,0.32010314,-0.16512018,-0.048141353,0.51261634,-0.02399404
380,0.03459354,0.16755739,-0.10054895,-0.96084064,-0.012135476,-0.24500073,0.05894805,0.22938538,0.30321378,-0.36216503,0.17058404,0.24845724,-0.015728705,-0.21647774,-0.10410112,-0.061665513,-0.8745378,0.041436523,0.18840268,-0.76565415,-0.0784208,0.36808482,-0.37637657,-0.20883788,0.10932757,-0.072820954,-0.1078661,0.07602217,0.58522713,-0.49676272,0.18403707,0.33826077,0.28007612,-0.18022142,0.6839044,0.08077052,-0.26042628,0.056447603,0.10616483,-0.13390274,0.030096298,0.27218872,0.0053988798,-0.031786334,-0.15098587,0.18002346,-0.9189775,-0.34915715,0.18679014,0.2505615,0.42928565,0.049365878,-0.024841826,-0.06796925,0.11844007,0.00075723877,0.051658295,-0.023859672,-0.030584965,0.3185537,-0.16714512,-0.04662558,0.5083589,-0.024069779
381,0.027379952,0.16083637,-0.09998637,-0.95811313,-0.011980434,-0.2280262,0.06354458,0.23616809,0.2902928,-0.37881815,0.1793985,0.24393347,-0.013886138,-0.2076034,-0.109648146,-0.06204159,-0.87584925,0.03735407,0.19172794,-0.7583751,-0.082251936,0.3624906,-0.3840423,-0.23022021,0.108391225,-0.068550654,-0.11766274,0.059975147,0.5869694,-0.4954414,0.18519099,0.33245924,0.29338795,-0.19540988,0.68257546,0.08097831,-0.26888686,0.056840807,0.10653528,-0.13833553,0.035303425,0.29080272,0.0059653576,-0.029375212,-0.15040234,0.19182704,-0.9162294,-0.35631162,0.19725941,0.25801972,0.44932806,0.0493925,-0.025979673,-0.0690137,0.12437799,0.002162278,0.053530566,-0.029230349,-0.03090057,0.31657916,-0.1644238,-0.048463706,0.5097774,-0.025800688
382,0.033583064,0.17035152,-0.09317774,-0.9584542,-0.0064790826,-0.24765879,0.06133023,0.23765777,0.29917356,-0.36034614,0.17598079,0.24834983,-0.012728732,-0.19889508,-0.101393014,-0.06408302,-0.8721007,0.040612344,0.185513,-0.75909287,-0.07050761,0.36190885,-0.38809592,-0.21784554,0.10728837,-0.074246876,-0.11339127,0.08048849,0.5801152,-0.49619067,0.1898221,0.3400581,0.28488228,-0.1761035,0.69515425,0.07167166,-0.2595977,0.05558189,0.10381213,-0.1289307,0.032845102,0.2717751,0.0005303357,-0.033340067,-0.16096799,0.1828933,-0.9178142,-0.34727126,0.19081506,0.25020155,0.42512587,0.05120581,-0.023900224,-0.06936932,0.118524864,-0.00079235656,0.052191496,-0.031102166,-0.03194408,0.31984904,-0.16601476,-0.047639836,0.49772704,-0.029937785
383,0.03333718,0.17514467,-0.098703966,-0.9523835,-0.006189108,-0.22763687,0.063436195,0.24601729,0.2827377,-0.3952383,0.18412903,0.25346223,-0.019477408,-0.20832777,-0.10925557,-0.06606463,-0.8700545,0.038533427,0.19155441,-0.76135904,-0.07431544,0.36035088,-0.39855516,-0.24366362,0.10338688,-0.06967023,-0.120340064,0.072901905,0.600858,-0.507094,0.1944547,0.32854384,0.30294892,-0.18962671,0.6863844,0.06911712,-0.27049184,0.05722073,0.11884896,-0.12946714,0.039264243,0.30497548,-0.0012488585,-0.044023596,-0.15718976,0.19627744,-0.9176571,-0.36933103,0.20958643,0.2670445,0.45097393,0.054395888,-0.025520496,-0.067882515,0.12632802,-0.0040891455,0.05453352,-0.033555876,-0.035818867,0.33038852,-0.16929463,-0.049099684,0.501492,-0.030077295
384,0.034928314,0.161231,-0.093430154,-0.96311736,-0.011901919,-0.25126633,0.060866162,0.22162202,0.3134058,-0.35622323,0.16871604,0.24287225,-0.0111722965,-0.21293074,-0.10457642,-0.060890198,-0.8800458,0.038914587,0.18919067,-0.758041,-0.07635802,0.36339623,-0.38042063,-0.21590374,0.11064361,-0.074510805,-0.10971492,0.06422962,0.57275665,-0.49989864,0.17836092,0.3501667,0.28271273,-0.19139306,0.6891496,0.08076699,-0.2590916,0.059056234,0.098596185,-0.14105508,0.028088672,0.2742371,0.0147426,-0.02134083,-0.14619441,0.18282397,-0.91420865,-0.34743255,0.17908476,0.256851,0.42259404,0.047525596,-0.02543274,-0.065969266,0.1117131,0.0038062478,0.045965184,-0.027629305,-0.022799196,0.31055757,-0.16325885,-0.049458336,0.5152319,-0.026645046
385,0.03301846,0.16606328,-0.10195398,-0.95781785,-0.012124135,-0.25114346,0.061713155,0.23754945,0.30082828,-0.36843723,0.17077035,0.25051928,-0.011035091,-0.21556915,-0.10374425,-0.062847584,-0.87485945,0.0405514,0.19062804,-0.76462156,-0.07988168,0.36491355,-0.3897927,-0.2160721,0.11338885,-0.07087232,-0.111298084,0.070036605,0.59509355,-0.50286657,0.18957725,0.33465332,0.29249623,-0.18646812,0.68029535,0.08097197,-0.26164111,0.05362563,0.10422182,-0.13525727,0.031117972,0.27958277,0.0046852934,-0.031231558,-0.15033272,0.19253136,-0.91698474,-0.35068324,0.19353682,0.25342658,0.43107828,0.050177723,-0.024300313,-0.068733364,0.11959843,0.0021084202,0.051734142,-0.022383355,-0.03193593,0.31849122,-0.16813819,-0.046633944,0.515153,-0.029485768
386,0.0285998,0.16367123,-0.09340928,-0.9584012,-0.008958462,-0.23672114,0.061167173,0.24412991,0.29228014,-0.38054144,0.18211287,0.24619882,-0.011242343,-0.20314808,-0.1063018,-0.062187053,-0.8722303,0.03788172,0.19069257,-0.7601551,-0.08035393,0.36414653,-0.39130694,-0.23167606,0.10864274,-0.06798099,-0.11787277,0.06380443,0.5957952,-0.4960485,0.19226456,0.33494347,0.29823622,-0.19545816,0.68527985,0.0813279,-0.26740682,0.05522516,0.1091165,-0.13531354,0.036106393,0.2916972,0.0054258537,-0.03192192,-0.1528735,0.1965307,-0.9148228,-0.35806844,0.20142539,0.25349948,0.4512732,0.051239017,-0.024973864,-0.067514755,0.12179605,0.0010222801,0.051197797,-0.02747627,-0.03318822,0.31938177,-0.16569439,-0.047532734,0.50993085,-0.029600086
387,0.034139443,0.16359119,-0.1012917,-0.95771134,-0.012860109,-0.24445853,0.060927834,0.23102534,0.30337384,-0.36128065,0.17034473,0.24957547,-0.011751155,-0.21071313,-0.10414589,-0.06265954,-0.8755088,0.039965812,0.1889302,-0.75885874,-0.078931466,0.36311424,-0.38510972,-0.21663961,0.11084618,-0.07214789,-0.11250672,0.06571065,0.583898,-0.5051616,0.18241292,0.34087944,0.28736806,-0.18433863,0.6845938,0.08000699,-0.25852174,0.055472642,0.09994676,-0.13631852,0.029844327,0.27783737,0.006980898,-0.027497862,-0.14792177,0.18645354,-0.9166818,-0.35187754,0.18866894,0.25454637,0.42766094,0.04892141,-0.02408332,-0.068200946,0.11716109,0.0030943048,0.051489085,-0.027191348,-0.02804211,0.3180813,-0.16667512,-0.047520377,0.5151243,-0.027162118
388,0.034799997,0.16536704,-0.10129819,-0.96054804,-0.012778798,-0.2417485,0.05758021,0.22871609,0.30302966,-0.35829255,0.17010579,0.24829616,-0.015138012,-0.21720086,-0.104866736,-0.06219633,-0.87388974,0.041176625,0.18885374,-0.76452756,-0.07886543,0.36522582,-0.3718741,-0.20850421,0.10905519,-0.07164334,-0.108925715,0.07324117,0.5802367,-0.49683598,0.18149978,0.33908927,0.27926892,-0.1796803,0.6847288,0.08138003,-0.25961882,0.05646683,0.103132166,-0.13549595,0.0287906,0.27250317,0.0059052603,-0.030682512,-0.15022928,0.17992193,-0.9194025,-0.34855324,0.18627787,0.24824825,0.4298741,0.04883701,-0.023706572,-0.067201324,0.11860205,0.001795651,0.05165451,-0.02435832,-0.030353772,0.3168283,-0.1664578,-0.047011625,0.5082507,-0.024496932
389,0.025608256,0.1529631,-0.09302135,-0.9628796,-0.011919457,-0.21484466,0.05650917,0.22228894,0.29889426,-0.35066682,0.17494223,0.23350856,-0.013486716,-0.19079775,-0.103136376,-0.06133828,-0.879648,0.037677053,0.18841016,-0.7519739,-0.076299205,0.35524213,-0.3571429,-0.22016357,0.097888164,-0.07180833,-0.11459175,0.072298996,0.5415237,-0.47675017,0.16811918,0.3423617,0.26220533,-0.17329465,0.70080185,0.07718696,-0.26822907,0.06373735,0.09275796,-0.13374907,0.031916447,0.2639411,0.0029150373,-0.025360245,-0.16370226,0.16468427,-0.9191204,-0.3467832,0.17622529,0.24631809,0.44542053,0.046400573,-0.022377476,-0.06736544,0.119601704,0.0030883069,0.05492468,-0.03638541,-0.028782342,0.3092118,-0.15460211,-0.04718301,0.49285457,-0.01876423
390,0.032142106,0.1742862,-0.09370634,-0.95902926,-0.008498791,-0.2382506,0.06270728,0.23521572,0.2952712,-0.36406463,0.18458354,0.24785267,-0.015820108,-0.19423999,-0.099816665,-0.06228701,-0.87262213,0.041580155,0.1880252,-0.76271015,-0.068871826,0.36692005,-0.38040584,-0.2191885,0.10395819,-0.07182835,-0.111568816,0.08239626,0.58122486,-0.50048286,0.18744005,0.33918077,0.27848104,-0.17288749,0.6959008,0.07172773,-0.2609593,0.06058595,0.105117075,-0.13065289,0.031954292,0.26884496,0.00039972123,-0.03259522,-0.16132557,0.17556101,-0.9180348,-0.3557805,0.18425849,0.2532247,0.42933547,0.051166095,-0.023311172,-0.07121442,0.12009975,-0.0029232337,0.052684475,-0.03298371,-0.030048735,0.33237764,-0.16592368,-0.048374135,0.49841765,-0.023743078
391,0.03239376,0.1580655,-0.09578972,-0.9597035,-0.010929098,-0.23920704,0.057440385,0.23178896,0.30207607,-0.34857428,0.16933283,0.24256973,-0.006914296,-0.1982469,-0.096047595,-0.062166363,-0.87602323,0.04007761,0.18838134,-0.7540169,-0.07462082,0.35567597,-0.37563387,-0.21571238,0.104324825,-0.07102969,-0.112238474,0.07480692,0.5593174,-0.49042284,0.17684305,0.34289572,0.27403998,-0.17483039,0.69939154,0.07717833,-0.25924766,0.05822275,0.09093856,-0.1312525,0.028849337,0.2654267,0.0004269692,-0.027022066,-0.16243857,0.17640746,-0.91655767,-0.34547892,0.18277745,0.24305142,0.4278327,0.048910264,-0.020147102,-0.06796604,0.11932675,0.0031986898,0.053773664,-0.02986054,-0.032122184,0.31594872,-0.1606166,-0.047008637,0.5010133,-0.02570887
392,0.0374118,0.17057158,-0.095557675,-0.9606451,-0.00891296,-0.24055275,0.054957394,0.22890541,0.30493572,-0.35507995,0.17220514,0.24457861,-0.016646888,-0.2107591,-0.10846545,-0.065146916,-0.8733106,0.04126419,0.18885642,-0.76360506,-0.07146677,0.35699952,-0.3674987,-0.20830409,0.10471186,-0.07401084,-0.10936467,0.08095412,0.56284404,-0.48835963,0.18234204,0.34318084,0.2736786,-0.1709155,0.6968399,0.07123386,-0.26218435,0.059365336,0.10278864,-0.13282794,0.0284798,0.26725423,0.0017989131,-0.03453917,-0.16292901,0.17584532,-0.92147905,-0.34626505,0.18252812,0.24968973,0.42578596,0.05010056,-0.02393226,-0.0686187,0.11806272,-0.00045470783,0.055429395,-0.030347085,-0.031854894,0.3145618,-0.163377,-0.047445606,0.49383557,-0.027404511
393,0.03165309,0.15794118,-0.09415133,-0.96013916,-0.01052472,-0.24368767,0.057517808,0.23254569,0.30233455,-0.34974518,0.16888274,0.24306683,-0.006804576,-0.19874097,-0.09368208,-0.061741944,-0.8763696,0.040205993,0.18757078,-0.7553261,-0.07491402,0.35945493,-0.37884408,-0.21528977,0.10487192,-0.07116752,-0.111475155,0.0771305,0.563554,-0.49051708,0.178366,0.3409243,0.27371445,-0.17581403,0.69970536,0.0777198,-0.25935385,0.05786937,0.092356585,-0.13000801,0.029992543,0.2654827,-0.0001726314,-0.027912475,-0.16258022,0.17575242,-0.91555893,-0.34479943,0.18258728,0.24131708,0.42728892,0.049076006,-0.019993775,-0.06728313,0.119332545,0.0030232025,0.05315633,-0.02793299,-0.032868687,0.31695876,-0.15995608,-0.04645754,0.502239,-0.024756264
394,0.03375271,0.16228929,-0.09405377,-0.96108705,-0.009911826,-0.25779715,0.059676446,0.22955889,0.30690232,-0.36334464,0.16730027,0.2455102,-0.010924218,-0.21515766,-0.100266635,-0.061359577,-0.8800369,0.03967092,0.18924184,-0.76341486,-0.077476926,0.36791378,-0.38787514,-0.2157157,0.11163704,-0.0729959,-0.109044716,0.07187371,0.58445394,-0.5010154,0.1844741,0.3411364,0.28606668,-0.18916346,0.6878095,0.080695614,-0.2609952,0.05788051,0.10440143,-0.13631023,0.030331876,0.27759033,0.007771265,-0.028179232,-0.14936897,0.18647423,-0.9147229,-0.3454407,0.18607715,0.25140262,0.4267447,0.04893904,-0.02437301,-0.0655293,0.11636759,0.0020847395,0.04808941,-0.023135418,-0.029086618,0.31309867,-0.16283719,-0.047995374,0.5145607,-0.027477747
395,0.03367141,0.16879486,-0.097714566,-0.9598142,-0.009547633,-0.2595834,0.06442806,0.24134095,0.30057648,-0.37294883,0.1732785,0.2532352,-0.009314348,-0.22136466,-0.098377176,-0.061773013,-0.87366045,0.0412194,0.19138098,-0.76775146,-0.07839287,0.3705339,-0.39698577,-0.21915732,0.11422067,-0.07178353,-0.110427305,0.07600194,0.6039125,-0.5026365,0.197386,0.33422247,0.29598734,-0.19243065,0.68270105,0.08165709,-0.260837,0.05359732,0.10739869,-0.13367566,0.03337467,0.28001803,0.0045598177,-0.033555098,-0.1506662,0.19707596,-0.91573954,-0.35115725,0.19741538,0.2498793,0.4312025,0.05229006,-0.02564515,-0.06866495,0.12078166,-0.0003573167,0.047416255,-0.018635536,-0.03369922,0.3215911,-0.16863947,-0.0474705,0.5129669,-0.031027742
396,0.043837056,0.17982513,-0.100430645,-0.9563636,-0.009857812,-0.240822,0.05454025,0.23725736,0.2952238,-0.37779576,0.17689064,0.24833232,-0.017539112,-0.21852243,-0.10160623,-0.06733164,-0.87535185,0.042160526,0.19543314,-0.77109766,-0.071670115,0.35407922,-0.37832606,-0.21659246,0.10311634,-0.07157606,-0.11095257,0.08544274,0.5781135,-0.49693894,0.18864614,0.3363028,0.289098,-0.17638534,0.68873197,0.06694388,-0.26917922,0.060218267,0.11065584,-0.13219744,0.031186359,0.28349113,0.002065584,-0.045164928,-0.16711822,0.18433334,-0.9218383,-0.3607442,0.1921125,0.26211783,0.42894346,0.054300856,-0.024364883,-0.069686584,0.12169816,-0.0024918634,0.05972152,-0.029081117,-0.036018364,0.32380232,-0.16772118,-0.047274407,0.50162864,-0.029562637
397,0.033239085,0.1630242,-0.09912436,-0.96302885,-0.013304138,-0.24490897,0.05809848,0.22171561,0.30978456,-0.35942847,0.16816987,0.24021314,-0.016016044,-0.21703339,-0.10468741,-0.06191034,-0.8816119,0.04001539,0.19178523,-0.7659986,-0.07902457,0.3614625,-0.3678642,-0.20794186,0.106734514,-0.07389847,-0.10473453,0.07571679,0.56898326,-0.4866715,0.17979126,0.3395631,0.273696,-0.17737299,0.6829069,0.07915958,-0.2677484,0.059824154,0.1021301,-0.1367301,0.029647239,0.2673035,0.0075357067,-0.02997353,-0.15659757,0.1735633,-0.91940707,-0.34668753,0.17818911,0.25341442,0.4310449,0.04759113,-0.025673782,-0.06943707,0.11503289,0.0023272152,0.053175066,-0.0244783,-0.028762655,0.30840775,-0.16123189,-0.046793126,0.5081571,-0.023928054
398,0.034589227,0.17794715,-0.092779845,-0.9556624,-0.0044081593,-0.23288654,0.064178415,0.24589726,0.28528365,-0.39654082,0.18799454,0.25100726,-0.018618692,-0.20925578,-0.107335046,-0.064687066,-0.8699418,0.03823452,0.19110237,-0.7611947,-0.07292269,0.3623987,-0.39959642,-0.24386781,0.102882534,-0.07004989,-0.1191547,0.07341139,0.60236067,-0.50469977,0.19752517,0.33314565,0.30595815,-0.19494393,0.68668914,0.06863009,-0.27069795,0.057640888,0.12157067,-0.13058238,0.039034776,0.3070395,0.0029695316,-0.043267887,-0.15769209,0.19711325,-0.91545045,-0.37048393,0.20848945,0.26813433,0.45000368,0.054843236,-0.026508471,-0.067224346,0.123317055,-0.0043952405,0.051130183,-0.032874204,-0.035266787,0.3309438,-0.17059758,-0.050005797,0.5006711,-0.0316227
399,0.03412415,0.16189839,-0.09316828,-0.96161413,-0.010127842,-0.23710202,0.053793572,0.22448416,0.30780008,-0.3425376,0.1680583,0.24158333,-0.012193826,-0.19830498,-0.09806501,-0.06274166,-0.8782803,0.040845126,0.18661606,-0.75759214,-0.07286238,0.3572528,-0.36320904,-0.20961386,0.10235002,-0.07363132,-0.1093141,0.08006983,0.55154973,-0.4892875,0.17385954,0.34701508,0.26607516,-0.16648296,0.69942474,0.074438415,-0.26122788,0.061613478,0.094590925,-0.13199987,0.026699992,0.26007363,0.0018716071,-0.028302263,-0.16268848,0.1699621,-0.91970897,-0.3438462,0.17611729,0.24435645,0.4251117,0.04808071,-0.020780422,-0.06674126,0.11561324,0.0015068728,0.052658997,-0.030118013,-0.031205036,0.31353402,-0.15849257,-0.047091175,0.4959219,-0.024329623
400,0.031887796,0.15841685,-0.092197165,-0.9638209,-0.010855303,-0.23637576,0.054494817,0.2165368,0.31213507,-0.3423669,0.1658888,0.23455244,-0.012997979,-0.19974674,-0.09739759,-0.062151127,-0.8849233,0.039675787,0.1893791,-0.75796676,-0.07317232,0.3554035,-0.35747468,-0.20816451,0.098679885,-0.07533502,-0.105468854,0.08214007,0.53925943,-0.4814465,0.16978289,0.3475703,0.25970477,-0.16458714,0.6977927,0.07304456,-0.26834995,0.065406375,0.09427267,-0.13300739,0.027522806,0.25651532,0.0034550433,-0.02767545,-0.16695756,0.16043843,-0.9196871,-0.34342387,0.16882947,0.24785477,0.4281336,0.046678726,-0.022181133,-0.068436086,0.11355205,0.0023318795,0.054566845,-0.03084128,-0.029657265,0.30766755,-0.15453786,-0.047048934,0.49679142,-0.021913176
401,0.025385214,0.1641539,-0.10282897,-0.9571959,-0.013341648,-0.23105516,0.061150845,0.2377328,0.2952311,-0.37056708,0.17745158,0.24733685,-0.016389424,-0.20711125,-0.10578357,-0.062157772,-0.8696856,0.039599027,0.1869353,-0.76094306,-0.08139072,0.36384776,-0.37761045,-0.22144794,0.11151714,-0.06737952,-0.116060086,0.06762225,0.58967835,-0.49306267,0.18523063,0.32884258,0.28423426,-0.18462178,0.6820522,0.08306508,-0.26180986,0.053626336,0.10401512,-0.13509412,0.033160303,0.27878404,0.002683324,-0.030407649,-0.14752764,0.18941857,-0.9187505,-0.34806392,0.19497457,0.25360253,0.44379488,0.04924922,-0.02458305,-0.068180315,0.1238504,0.0004932796,0.047392324,-0.026502874,-0.03144604,0.3177633,-0.16615212,-0.04692347,0.50571454,-0.024685813
402,0.03159287,0.15962858,-0.09989603,-0.9598307,-0.0123776095,-0.23092599,0.05460817,0.22426958,0.3027658,-0.34016988,0.16605294,0.24495329,-0.014214637,-0.19827577,-0.10224258,-0.06356274,-0.87698126,0.041246008,0.1868836,-0.75773615,-0.074453704,0.3573639,-0.3614499,-0.20769376,0.10491674,-0.07284984,-0.11126463,0.07715864,0.5550245,-0.49147153,0.1712169,0.34261134,0.26396397,-0.16430102,0.6976067,0.07678895,-0.2589763,0.060006108,0.09324853,-0.13230957,0.027144099,0.2571294,0.00022495014,-0.027819408,-0.1582362,0.16913341,-0.92223334,-0.3421207,0.17865404,0.24193765,0.42528635,0.047318146,-0.02021539,-0.066979334,0.11897029,0.0021394824,0.055689923,-0.031463765,-0.03064986,0.3137264,-0.15935001,-0.046909213,0.49697214,-0.022389062
403,0.03830723,0.1817299,-0.09860064,-0.95728225,-0.006465404,-0.24475631,0.0612062,0.23919566,0.29543692,-0.3789184,0.17812346,0.25628754,-0.0195272,-0.21852407,-0.103177965,-0.064251594,-0.865955,0.04242398,0.18665442,-0.76742786,-0.070482075,0.3642438,-0.39023563,-0.22025645,0.10575546,-0.073860236,-0.111929275,0.0866217,0.59727055,-0.5033034,0.19421184,0.3353995,0.29044658,-0.18085948,0.68950725,0.07176653,-0.2589655,0.054786693,0.116874665,-0.12535368,0.033579297,0.28468776,0.0010155251,-0.045046553,-0.15681368,0.18617138,-0.9190182,-0.35819533,0.19951035,0.25902435,0.42833978,0.05445632,-0.025226092,-0.06703625,0.120903075,-0.0046809223,0.048911963,-0.027521873,-0.033853725,0.33011964,-0.17287423,-0.047412504,0.49604392,-0.028790392
404,0.03314105,0.16385046,-0.10181567,-0.9617638,-0.013425202,-0.24001934,0.05856335,0.22228795,0.30894274,-0.35806745,0.16831811,0.24123898,-0.016646547,-0.2182131,-0.10903447,-0.062693655,-0.8800424,0.040184144,0.19157445,-0.76456875,-0.07825036,0.35852045,-0.36645037,-0.20891704,0.10689838,-0.073616326,-0.106509894,0.07193078,0.56755155,-0.489247,0.17879257,0.34274665,0.27617136,-0.1774557,0.681676,0.07841806,-0.2650034,0.059525397,0.10120973,-0.13809627,0.02768555,0.26800132,0.009390939,-0.029439276,-0.15392742,0.1763485,-0.9212017,-0.34792498,0.17977011,0.25711176,0.42946464,0.047688317,-0.025873546,-0.06958713,0.11499627,0.0025551247,0.05310145,-0.02740217,-0.027126528,0.30830023,-0.1633844,-0.047985088,0.50740063,-0.026001485
405,0.031501815,0.1641204,-0.10419472,-0.95775527,-0.012782877,-0.24759817,0.061884522,0.23686676,0.2983865,-0.3648566,0.1709554,0.25168625,-0.01188741,-0.21528937,-0.10510637,-0.06313627,-0.8731329,0.04060643,0.19005165,-0.763101,-0.07996397,0.36396825,-0.38774684,-0.21506944,0.11382461,-0.0700851,-0.113119826,0.067445606,0.59447837,-0.5020165,0.18725239,0.3351346,0.2905479,-0.1856559,0.6805942,0.08261023,-0.25854546,0.052942093,0.10228974,-0.13553667,0.031023754,0.27657342,0.0054124934,-0.030188754,-0.147824,0.19039087,-0.91825867,-0.34985298,0.19471808,0.25067967,0.4304444,0.049697086,-0.023660395,-0.06841618,0.12017912,0.0029007373,0.052511357,-0.024742339,-0.030578688,0.31822333,-0.16913621,-0.04723604,0.5146178,-0.028606478
406,0.025935844,0.16181776,-0.09396057,-0.9596261,-0.010046883,-0.22241399,0.0578578,0.23308979,0.29707187,-0.3538183,0.17797968,0.24262139,-0.013731455,-0.18764222,-0.096752495,-0.061754476,-0.87364024,0.03947589,0.18490364,-0.75173616,-0.07375577,0.36233532,-0.3691861,-0.22175325,0.10081038,-0.07022868,-0.114930764,0.07577176,0.5647836,-0.49189892,0.17635977,0.34083068,0.27081802,-0.16988137,0.69580144,0.07549286,-0.261754,0.060567982,0.09673786,-0.13107857,0.031639505,0.26709536,0.000375787,-0.02768042,-0.15816925,0.17353266,-0.9186119,-0.3490603,0.18507077,0.2470617,0.442502,0.0487676,-0.0213267,-0.06741322,0.11944606,1.0754022e-05,0.048326213,-0.0342561,-0.03144454,0.32106468,-0.16109377,-0.04786391,0.49582714,-0.022196686
407,0.031341545,0.16119817,-0.09566064,-0.95732874,-0.00907629,-0.2612534,0.06336692,0.23863973,0.3018952,-0.37033567,0.17003044,0.24699418,-0.006928743,-0.21145745,-0.10071442,-0.062444717,-0.8798126,0.038756236,0.19163838,-0.7614293,-0.077223316,0.36314124,-0.4021837,-0.22485046,0.11382069,-0.0708011,-0.1127301,0.06626771,0.5926184,-0.5058892,0.18964902,0.33828145,0.298402,-0.19315033,0.6851866,0.08020678,-0.2617014,0.055779647,0.10376992,-0.13603015,0.03176584,0.28481337,0.0067451685,-0.027821446,-0.1494732,0.19731739,-0.91347337,-0.34740022,0.19420296,0.25469902,0.43014053,0.049912933,-0.023828799,-0.066348955,0.1182638,0.002716736,0.048875086,-0.024521174,-0.02987767,0.31428444,-0.16436748,-0.04887476,0.5188816,-0.03315681
408,0.030229632,0.15864398,-0.09751212,-0.95704055,-0.010144819,-0.2570727,0.064229295,0.2372751,0.30046618,-0.3664987,0.16908789,0.24841481,-0.0072567756,-0.2048911,-0.09958575,-0.061933447,-0.87828237,0.038809977,0.18903083,-0.7575583,-0.07785481,0.36475265,-0.40323317,-0.2241595,0.11325607,-0.07151211,-0.11446267,0.064104624,0.5927815,-0.50696284,0.18661574,0.33892554,0.29561573,-0.19169241,0.687037,0.08224463,-0.25767425,0.05400307,0.10106956,-0.13431664,0.032773234,0.28193513,0.006371624,-0.026098905,-0.14733878,0.19327201,-0.9132741,-0.34779066,0.19479018,0.25166887,0.42840612,0.0492485,-0.023143597,-0.066249736,0.11811252,0.0037249194,0.049957346,-0.026738027,-0.028134765,0.31522876,-0.16519538,-0.048007764,0.5189323,-0.030581461
409,0.019130897,0.15659289,-0.08994633,-0.95887554,-0.00894346,-0.20264485,0.058648616,0.23777336,0.28776175,-0.36063653,0.1855725,0.23842996,-0.014661558,-0.17239045,-0.10375442,-0.06185278,-0.8713754,0.03655216,0.18384996,-0.7450191,-0.07617379,0.35756028,-0.36812454,-0.23497738,0.09796967,-0.06780504,-0.12444155,0.06648099,0.5615298,-0.4843195,0.17475636,0.3392041,0.27442148,-0.17465079,0.6980812,0.07698668,-0.26600635,0.060004737,0.09821174,-0.13172793,0.035597,0.27570927,0.0011044379,-0.025875391,-0.15889403,0.1756699,-0.9184636,-0.35294786,0.19133714,0.24835686,0.45943382,0.047750548,-0.021139432,-0.06610054,0.1215348,0.0006746283,0.05000646,-0.042695638,-0.030703796,0.3176914,-0.15920338,-0.047816515,0.4912935,-0.022211766
410,0.025351262,0.16425896,-0.09169994,-0.96024173,-0.0110212965,-0.2128968,0.063139334,0.23047015,0.29245055,-0.36199215,0.19242288,0.23803127,-0.016623352,-0.18074688,-0.11246339,-0.062039927,-0.8710816,0.037615534,0.18744454,-0.7520117,-0.07167749,0.3563957,-0.3680366,-0.23018366,0.10139112,-0.07008837,-0.12199283,0.06558367,0.55844444,-0.48400372,0.17748225,0.34155047,0.2738795,-0.18006298,0.7014231,0.07399363,-0.26442072,0.06075085,0.09717876,-0.13595967,0.03430598,0.27095014,0.005909812,-0.023881152,-0.16003883,0.17308992,-0.9179628,-0.35533845,0.18120433,0.25792575,0.44596627,0.04814394,-0.02383085,-0.07112643,0.120258465,0.00095065805,0.05360207,-0.043817647,-0.02365302,0.32083237,-0.16164532,-0.04896203,0.49207446,-0.020231752
411,0.03244326,0.1657343,-0.10681253,-0.9564879,-0.013004551,-0.2459073,0.0619061,0.23121887,0.29908562,-0.36937416,0.16888028,0.2504526,-0.014182382,-0.21857195,-0.10490848,-0.06380477,-0.87882704,0.04052719,0.19223723,-0.7646804,-0.079541236,0.36544034,-0.3848552,-0.216807,0.1117976,-0.07180364,-0.10968771,0.06930368,0.5893858,-0.5076148,0.18500568,0.3346605,0.28941956,-0.18440773,0.6778912,0.078530125,-0.26414913,0.05752519,0.10489625,-0.13770829,0.030765954,0.28080836,0.00447617,-0.031606574,-0.14858289,0.18934265,-0.9190627,-0.35220197,0.19129191,0.25843537,0.43154588,0.049985,-0.025377756,-0.07008084,0.12135514,0.0015831102,0.052845437,-0.023702463,-0.03047277,0.31857732,-0.16722102,-0.04842228,0.5161206,-0.02714364
412,0.0286337,0.15605542,-0.0908316,-0.9614628,-0.007846719,-0.24660105,0.056211382,0.22882758,0.30482146,-0.348813,0.16594541,0.23863326,-0.004665256,-0.20468663,-0.0958901,-0.06120054,-0.8805006,0.039886966,0.18842795,-0.75754243,-0.07233837,0.35955238,-0.3760236,-0.21294615,0.10200192,-0.07466167,-0.11013394,0.07906919,0.5538091,-0.4888544,0.17680036,0.3470802,0.27286717,-0.17747556,0.7032647,0.07761907,-0.25906926,0.060880423,0.095446646,-0.12937994,0.028816855,0.2652164,0.003969688,-0.030927064,-0.1626142,0.17196381,-0.91568714,-0.34325886,0.17978665,0.24218296,0.42797887,0.04872931,-0.021082435,-0.065296315,0.11744364,0.002768843,0.050282255,-0.027967194,-0.031696197,0.31070197,-0.15754116,-0.047029004,0.5009818,-0.026399363
413,0.033019908,0.16247144,-0.106046885,-0.9583995,-0.01428016,-0.2443991,0.06267876,0.22954507,0.30054855,-0.36594927,0.1675097,0.24760368,-0.01302266,-0.22128785,-0.105545856,-0.062315647,-0.878052,0.03990709,0.1921644,-0.76204747,-0.08169508,0.36366984,-0.38218886,-0.21479338,0.111772865,-0.07107012,-0.11044485,0.06601884,0.5847243,-0.5017188,0.18288146,0.33503488,0.28813046,-0.18851157,0.67921823,0.08079923,-0.262786,0.055659242,0.10160699,-0.13886528,0.02989288,0.2803364,0.006412882,-0.028467774,-0.14858262,0.1871503,-0.91731334,-0.35130492,0.18907782,0.25607747,0.42965767,0.048599634,-0.024704888,-0.06977323,0.12091446,0.003847894,0.053728655,-0.023749528,-0.029786056,0.31589186,-0.16678393,-0.047636922,0.51583254,-0.02643727
414,0.03083463,0.1654491,-0.095851846,-0.95782423,-0.0063069547,-0.245724,0.05701237,0.23470342,0.30065483,-0.3583288,0.17196673,0.24306858,-0.00972609,-0.21184587,-0.10913908,-0.06536397,-0.87504846,0.040395208,0.18903065,-0.76212966,-0.069549054,0.35423192,-0.37887123,-0.21342929,0.10545364,-0.07444617,-0.11321472,0.07725778,0.5630054,-0.49096444,0.18490006,0.3439071,0.28229016,-0.17727591,0.6999104,0.07269798,-0.2580126,0.058376104,0.102317594,-0.13010672,0.029340927,0.27144268,0.0029631723,-0.036322553,-0.1611654,0.18205208,-0.9202744,-0.34400392,0.18822326,0.2501218,0.42657703,0.050884075,-0.024315177,-0.067370094,0.12014908,0.00047472093,0.052828122,-0.031931814,-0.03136637,0.31087676,-0.16277993,-0.048498806,0.496517,-0.03219685
415,0.024892548,0.16350937,-0.09774515,-0.9607591,-0.011565708,-0.23791863,0.065198585,0.22732925,0.30210036,-0.36424524,0.17462656,0.24645904,-0.018498158,-0.20099372,-0.099989034,-0.059613533,-0.87562454,0.03876641,0.18464114,-0.75610936,-0.08180303,0.3718185,-0.3813768,-0.22389631,0.10929912,-0.07219588,-0.11193419,0.069413185,0.5892481,-0.49916875,0.1831506,0.33295017,0.28167856,-0.1847586,0.6757014,0.08206778,-0.26523295,0.056455147,0.107175276,-0.13445477,0.03439786,0.2782837,0.005889241,-0.027112212,-0.14611645,0.18113278,-0.9159478,-0.34888223,0.1867161,0.25685206,0.44181794,0.047174495,-0.025486328,-0.06881274,0.116758555,0.0010919032,0.041825965,-0.02717799,-0.027583765,0.31917787,-0.16513178,-0.04850075,0.5103533,-0.021734077
416,0.03354827,0.16863202,-0.10127582,-0.95922875,-0.010062146,-0.23119134,0.056049045,0.22395504,0.3035433,-0.35403854,0.17267661,0.24152416,-0.019153893,-0.20862897,-0.11287225,-0.06623432,-0.8772468,0.0408756,0.19022408,-0.7625037,-0.069842204,0.35317138,-0.3618715,-0.20885316,0.10197571,-0.0751981,-0.10878532,0.07952045,0.5526446,-0.4868364,0.17743364,0.34421673,0.26935148,-0.16534452,0.6947235,0.068740875,-0.2641978,0.062729284,0.10061683,-0.1334557,0.028238442,0.26226157,0.0020512396,-0.03464394,-0.16333489,0.17068343,-0.9248274,-0.3463597,0.1796121,0.25605315,0.42667502,0.04960565,-0.025870308,-0.0708999,0.11885486,-0.00045595362,0.05769613,-0.035531003,-0.028981166,0.31164205,-0.16178332,-0.04900174,0.4920477,-0.026154432
417,0.024576504,0.16219707,-0.092748106,-0.9565297,-0.006815453,-0.22631937,0.060684856,0.23655,0.29493338,-0.35862276,0.180365,0.24234208,-0.015573277,-0.1835014,-0.10790584,-0.06468546,-0.8726973,0.037626363,0.18375884,-0.7483776,-0.07052683,0.3555013,-0.38205174,-0.22898144,0.10399567,-0.07053622,-0.12115927,0.066494115,0.56766,-0.49414244,0.17943595,0.3421798,0.2821226,-0.17548119,0.6977796,0.07195275,-0.25897753,0.057851784,0.09966175,-0.13213591,0.03312316,0.2761022,0.002535434,-0.027334865,-0.15454987,0.18182756,-0.9189426,-0.34585285,0.19172888,0.25386524,0.4388313,0.04861061,-0.022635585,-0.066407464,0.11877553,0.00031054663,0.049564607,-0.042660903,-0.027571468,0.31431693,-0.16256967,-0.049859136,0.4951782,-0.029124632
418,0.032352295,0.16024548,-0.09373145,-0.963147,-0.011216923,-0.2381619,0.057207096,0.2253305,0.30434504,-0.34372312,0.16783041,0.24370274,-0.011339306,-0.19986962,-0.09466646,-0.060792,-0.87596786,0.041202158,0.18462706,-0.75737774,-0.074364215,0.3638216,-0.36726677,-0.20957753,0.10436517,-0.07375978,-0.11002635,0.08209791,0.55897856,-0.48724836,0.17512786,0.34063858,0.2645817,-0.1718668,0.7008176,0.078215465,-0.2584132,0.058736216,0.094739825,-0.1296832,0.029125018,0.25829962,0.0010025257,-0.028139818,-0.15967144,0.16840771,-0.91768813,-0.34145907,0.17815079,0.23960038,0.42303073,0.047905512,-0.020828899,-0.06636067,0.11878401,0.002115075,0.050482593,-0.027099557,-0.0319367,0.3156873,-0.1588338,-0.046438955,0.4949693,-0.020822855
419,0.03420522,0.16570333,-0.10001284,-0.9587986,-0.011947656,-0.25372255,0.0614661,0.23710641,0.30261925,-0.36857307,0.17076966,0.24976982,-0.010176014,-0.21845259,-0.102189906,-0.062314797,-0.8749153,0.040385835,0.1905526,-0.76426655,-0.079863645,0.3651218,-0.39019543,-0.21646042,0.11324523,-0.070918985,-0.11067243,0.06968421,0.5948209,-0.5019041,0.1902567,0.33647084,0.29283407,-0.18902846,0.6811754,0.081067935,-0.2610991,0.05352993,0.10369992,-0.13583097,0.030987794,0.28024387,0.0060470463,-0.030621286,-0.15075982,0.19328217,-0.9156455,-0.35128278,0.1926235,0.25301862,0.43012574,0.05026922,-0.02425073,-0.06833215,0.118220136,0.002404215,0.050477006,-0.021736508,-0.031523626,0.31759626,-0.16797891,-0.04683891,0.51569563,-0.029780937
420,0.027740857,0.16240284,-0.093201935,-0.95947874,-0.010018248,-0.23019108,0.064310975,0.23703209,0.29328546,-0.3736531,0.1828604,0.24641088,-0.012312732,-0.1982484,-0.107460395,-0.06066101,-0.87151927,0.037389766,0.18623123,-0.75381774,-0.079399005,0.3672365,-0.39057636,-0.23060593,0.10794188,-0.07074544,-0.11978484,0.05871779,0.5917359,-0.50026906,0.18593736,0.3412526,0.29504386,-0.19694118,0.6879278,0.0821884,-0.26105502,0.054872625,0.106897764,-0.13551228,0.03560598,0.28947276,0.0105299875,-0.026914055,-0.14628834,0.19028747,-0.91396034,-0.35812294,0.197534,0.25622344,0.44535446,0.04952971,-0.025805816,-0.066419445,0.11901474,0.0019911262,0.049067464,-0.03301886,-0.02686235,0.3201738,-0.16684282,-0.048240755,0.5103136,-0.025712442
421,0.03572372,0.17002255,-0.09941618,-0.95957184,-0.010885572,-0.25517058,0.06505558,0.23226129,0.2994998,-0.37361205,0.17194484,0.25233585,-0.011331976,-0.22081855,-0.09781061,-0.06141871,-0.8770515,0.04064332,0.1915816,-0.7643184,-0.07876914,0.3737633,-0.3931289,-0.21859649,0.111644894,-0.07377719,-0.11034534,0.07185895,0.59905225,-0.5126118,0.19007236,0.3390197,0.295848,-0.19414389,0.6781018,0.0782287,-0.2617504,0.057999983,0.11110138,-0.13741626,0.031106511,0.28564525,0.008080693,-0.031146565,-0.14462744,0.19235627,-0.91488785,-0.35547507,0.1927053,0.25783613,0.42758897,0.05086071,-0.027181758,-0.06745046,0.11954457,-0.00035805517,0.048737574,-0.022629093,-0.031067085,0.32636,-0.17145918,-0.04995422,0.5166406,-0.027472464
422,0.033441555,0.16701062,-0.099801056,-0.95692104,-0.009160487,-0.24028234,0.05867276,0.2367306,0.29760158,-0.35624808,0.17386168,0.24858682,-0.013942585,-0.20364174,-0.10961421,-0.06615294,-0.8706546,0.04072272,0.18800658,-0.75901484,-0.071806215,0.3552728,-0.38066855,-0.21513465,0.10836123,-0.071857266,-0.11498807,0.07304645,0.5742033,-0.49472836,0.18471777,0.3407126,0.28246114,-0.17427514,0.6944875,0.07301534,-0.25749308,0.055309728,0.09880836,-0.13181533,0.03059826,0.26959953,0.0008313197,-0.032456007,-0.1589355,0.18354617,-0.92158026,-0.34688818,0.19093564,0.24925871,0.4263405,0.050540432,-0.02275518,-0.069203034,0.1201159,0.0010099671,0.05702817,-0.03420013,-0.030473694,0.31685638,-0.16665396,-0.048164867,0.4993119,-0.029993875
423,0.029233972,0.1566931,-0.09853234,-0.95745444,-0.010410585,-0.23889971,0.05975155,0.22093514,0.30292836,-0.34042615,0.16204202,0.24800655,-0.013264196,-0.18849403,-0.09466078,-0.061058454,-0.8792562,0.03975522,0.18212588,-0.7465763,-0.07580307,0.36631706,-0.37944925,-0.21682447,0.1052075,-0.07502024,-0.111294754,0.0734918,0.56396925,-0.5056552,0.17133759,0.34089044,0.26842502,-0.16905452,0.69471085,0.076615825,-0.2574779,0.05916408,0.093681104,-0.13041648,0.030656777,0.26617545,-0.0017063199,-0.023986952,-0.15491831,0.17014907,-0.9165759,-0.3441846,0.17895581,0.24526481,0.42232585,0.046667032,-0.020146895,-0.0684455,0.11732635,0.002358861,0.049660496,-0.03215946,-0.02793324,0.32045588,-0.16052033,-0.048339218,0.50526345,-0.020839756
424,0.03665201,0.16915222,-0.09450372,-0.96097827,-0.008771322,-0.23759842,0.05476666,0.22872452,0.3039585,-0.3522002,0.17475446,0.24319589,-0.01647738,-0.20415983,-0.10790132,-0.064926654,-0.87306273,0.041011736,0.18820855,-0.7620861,-0.07037749,0.3547919,-0.36556855,-0.20873821,0.10309998,-0.073592894,-0.110290274,0.08108248,0.5587763,-0.48559725,0.18085216,0.34400344,0.27150863,-0.16780387,0.69846654,0.07104273,-0.26193577,0.059656497,0.10090256,-0.13133179,0.02860242,0.26425955,0.0014875485,-0.033814892,-0.16452219,0.17267404,-0.92177576,-0.3452544,0.18203689,0.24696288,0.42625165,0.049717363,-0.023608143,-0.0687095,0.117819145,-0.00043551487,0.056328222,-0.03282815,-0.031529285,0.314344,-0.16240133,-0.047445584,0.4909812,-0.02687503
425,0.034206856,0.16741334,-0.097097054,-0.95743626,-0.009965129,-0.2589859,0.0667352,0.23416415,0.29943588,-0.37446463,0.17358966,0.24928239,-0.010011147,-0.21316649,-0.09881658,-0.062459994,-0.88004106,0.03882262,0.19175202,-0.756562,-0.07601942,0.36966673,-0.4041834,-0.22868845,0.112948276,-0.07265063,-0.11421441,0.061309334,0.59625757,-0.519195,0.18786262,0.34311143,0.30384028,-0.20021847,0.681231,0.07629545,-0.26087952,0.0585691,0.10642678,-0.14157188,0.030985016,0.2928677,0.011487504,-0.026271837,-0.14012206,0.19954604,-0.9118301,-0.3537883,0.19343942,0.26373714,0.42484623,0.050738603,-0.025837148,-0.06614369,0.11714983,0.0018224681,0.04434213,-0.026314978,-0.02758344,0.3236355,-0.17113516,-0.05231747,0.52158433,-0.031221438
426,0.037362196,0.17055245,-0.09256634,-0.9614413,-0.0077702063,-0.24050751,0.054425634,0.22878529,0.3057296,-0.3531825,0.17474489,0.2429201,-0.01620226,-0.20612554,-0.10707802,-0.06474051,-0.8728214,0.04107125,0.18821795,-0.7618406,-0.070017874,0.35601142,-0.36640877,-0.20892149,0.10262078,-0.07366891,-0.109596014,0.08123628,0.5592128,-0.48632684,0.18203352,0.34680682,0.2731262,-0.17057933,0.6987223,0.07054959,-0.26185495,0.060328033,0.10239765,-0.13219295,0.028083878,0.26659566,0.0027397769,-0.03420758,-0.16426517,0.17344385,-0.9208451,-0.34698132,0.18178567,0.24849641,0.4261319,0.050251275,-0.02379654,-0.06849704,0.116690636,-0.00040106507,0.05473182,-0.032114733,-0.031560384,0.3153802,-0.16349086,-0.047857977,0.49174538,-0.027882362
427,0.030065194,0.15766715,-0.094713934,-0.9607715,-0.010163195,-0.24393,0.06228074,0.22225094,0.3029131,-0.34252673,0.16407059,0.24747363,-0.011230482,-0.19197577,-0.0912106,-0.05911283,-0.8785358,0.03972039,0.18106844,-0.7471785,-0.07611003,0.37106973,-0.38302767,-0.21766055,0.10621233,-0.07515955,-0.110795364,0.075678974,0.568502,-0.5034237,0.17473446,0.33856824,0.27156895,-0.17693742,0.6942967,0.07765255,-0.25739425,0.057637956,0.09481186,-0.13000523,0.03105822,0.26716402,0.00068805664,-0.023841238,-0.15437296,0.17236693,-0.9136173,-0.34340826,0.17915118,0.244418,0.41901168,0.046760187,-0.020874165,-0.06785069,0.11721374,0.0032993027,0.04548865,-0.02850364,-0.02879263,0.32158238,-0.16039006,-0.048851855,0.50433123,-0.020716844
428,0.044039622,0.17971231,-0.096247464,-0.9586765,-0.009036934,-0.2458574,0.055326946,0.23693804,0.2969672,-0.37929744,0.17748436,0.24683593,-0.016176624,-0.21961488,-0.09691946,-0.06570161,-0.87580925,0.04192507,0.19430506,-0.7710593,-0.071657024,0.3574895,-0.38081235,-0.21568376,0.10250536,-0.07217533,-0.10938242,0.0882085,0.58010787,-0.49454194,0.19021559,0.33648703,0.28849843,-0.17914039,0.6897663,0.06786356,-0.26935315,0.0599396,0.11230017,-0.13078713,0.032499995,0.28379026,0.003036428,-0.044909127,-0.16824506,0.18206225,-0.9193316,-0.36053732,0.19092481,0.25989828,0.42886662,0.05429317,-0.02441926,-0.06913084,0.12022681,-0.0025061404,0.058202542,-0.027078254,-0.036355887,0.32413077,-0.167584,-0.04650835,0.50214,-0.02825391
429,0.032424606,0.16171831,-0.09548315,-0.9588861,-0.009526823,-0.24080645,0.057648588,0.23365626,0.30098382,-0.350859,0.17094249,0.24566238,-0.008190778,-0.19695872,-0.09584068,-0.0627427,-0.8761147,0.04064508,0.18810199,-0.7547085,-0.072648786,0.36019826,-0.37994787,-0.21632014,0.10355249,-0.07211175,-0.11174125,0.07673079,0.5667784,-0.4976262,0.17919983,0.3447316,0.2767424,-0.17248374,0.6972648,0.074935526,-0.25893676,0.05941669,0.09419312,-0.13068783,0.029441021,0.2665405,0.0006778994,-0.02877158,-0.16074082,0.17747964,-0.91751814,-0.34875765,0.18510942,0.24490958,0.42810968,0.050067052,-0.02081023,-0.068225056,0.11821176,0.0017494621,0.052647684,-0.03024123,-0.032121625,0.32081616,-0.16270164,-0.047786724,0.5026211,-0.026451983
430,0.036110476,0.16424541,-0.10500906,-0.9527594,-0.01108361,-0.23201486,0.05821088,0.23082933,0.29563192,-0.36083305,0.17200564,0.248958,-0.014243589,-0.21060845,-0.105325796,-0.0654085,-0.86993223,0.04004187,0.1894693,-0.7558442,-0.0738402,0.35500216,-0.3798017,-0.22042608,0.10799809,-0.07148224,-0.1166323,0.0658586,0.56424826,-0.50479823,0.17870474,0.34498113,0.28656808,-0.18523091,0.69495124,0.07418945,-0.25646126,0.057443753,0.09600853,-0.13624872,0.029081604,0.28375265,0.004265943,-0.032529026,-0.1537806,0.18592069,-0.91931534,-0.35302693,0.1896934,0.25660986,0.4257623,0.05070472,-0.023233753,-0.06882025,0.12386059,0.0022395544,0.05650774,-0.03452551,-0.027773852,0.31839156,-0.16647023,-0.049038015,0.50410724,-0.02738064
431,0.032501094,0.15997362,-0.09557003,-0.9591503,-0.010060498,-0.24244538,0.057025,0.23296292,0.30154654,-0.35170993,0.16940464,0.24455239,-0.0073125283,-0.20036116,-0.09474818,-0.06265406,-0.8768108,0.04053648,0.18890832,-0.75667495,-0.07372956,0.35936603,-0.37818986,-0.21632765,0.10469243,-0.071736254,-0.11097377,0.077719025,0.5645153,-0.4949216,0.17886218,0.34215555,0.2750226,-0.17405877,0.698008,0.076284476,-0.26063702,0.0595054,0.0934826,-0.13094229,0.029882707,0.26688832,-0.0003079056,-0.029124402,-0.16195886,0.1775599,-0.9169711,-0.34636796,0.1838642,0.24322271,0.43030205,0.04980408,-0.02024219,-0.067887865,0.11960778,0.0018971503,0.05279585,-0.02815193,-0.032929204,0.31825274,-0.16121784,-0.047267202,0.5029019,-0.025433559
432,0.032227363,0.16310805,-0.1014438,-0.95885,-0.0117880395,-0.2519663,0.06375978,0.2275718,0.30257225,-0.3617306,0.16687645,0.25032175,-0.013698402,-0.21572255,-0.10119668,-0.060027193,-0.87602746,0.03961536,0.18604098,-0.7576065,-0.081167534,0.37064606,-0.3888317,-0.21665066,0.11324599,-0.072225675,-0.1093124,0.06810174,0.5897613,-0.50585973,0.18427534,0.33272517,0.28737947,-0.18932185,0.67987937,0.08183663,-0.25979036,0.054070786,0.103879675,-0.13539264,0.031060435,0.28155768,0.0046661287,-0.027812576,-0.14706379,0.18780345,-0.91403127,-0.34683946,0.1875353,0.25323156,0.4247572,0.04814168,-0.024667587,-0.06890006,0.11929993,0.0026972643,0.045493945,-0.022364074,-0.029089082,0.32031047,-0.16654298,-0.04896692,0.5145542,-0.02520639
433,0.030474193,0.15560018,-0.08953833,-0.9585508,-0.0073680542,-0.25190347,0.058664046,0.23343292,0.30451432,-0.3504926,0.1676628,0.24125157,-0.004631396,-0.19139495,-0.094226845,-0.0627586,-0.8827953,0.03851902,0.18908502,-0.75196606,-0.072114706,0.3563607,-0.39037392,-0.22410491,0.105908304,-0.071824536,-0.11296231,0.07251549,0.5625953,-0.49887693,0.17827749,0.34551272,0.2813381,-0.17757559,0.69995713,0.07479115,-0.2617262,0.060991645,0.09284067,-0.13263637,0.03001307,0.27092066,0.0017140326,-0.023797832,-0.16069482,0.1825659,-0.91423965,-0.34281418,0.18353942,0.24631192,0.42799205,0.04862061,-0.019653678,-0.06578756,0.11612008,0.0030951737,0.05090678,-0.031092292,-0.030429885,0.31270355,-0.15755557,-0.048824992,0.50766855,-0.030324068
434,0.043435264,0.17833476,-0.09935282,-0.9561639,-0.009125722,-0.24592721,0.059754733,0.23745888,0.2940789,-0.38610095,0.17663844,0.24678867,-0.015150497,-0.21725513,-0.096284874,-0.06648183,-0.880239,0.040718816,0.19762202,-0.7672515,-0.07229924,0.35648924,-0.39099494,-0.22502358,0.10204759,-0.072267115,-0.1108699,0.08236225,0.5837869,-0.5025048,0.19050767,0.33714414,0.2965482,-0.18329792,0.68474454,0.0647345,-0.2728899,0.06163097,0.11222182,-0.13341302,0.0338595,0.29158962,0.003321253,-0.043389387,-0.16750753,0.18641102,-0.91806257,-0.36699417,0.1935234,0.2685125,0.43062177,0.054488912,-0.025183324,-0.071367666,0.12058051,-0.0017902676,0.060906943,-0.029853858,-0.0352744,0.32623398,-0.16904794,-0.048155993,0.5092442,-0.03047939
435,0.03421609,0.16637166,-0.0982935,-0.95631737,-0.010451883,-0.259155,0.0656105,0.23234847,0.30083233,-0.37367886,0.17113782,0.24840286,-0.011246015,-0.21173353,-0.10045033,-0.06348403,-0.88185954,0.03863673,0.1921387,-0.7573677,-0.076900244,0.36605927,-0.40245304,-0.22953695,0.11420654,-0.07262454,-0.11465867,0.06056806,0.59240264,-0.5176685,0.1864356,0.34201634,0.30183452,-0.19729808,0.6805988,0.07564377,-0.26306754,0.058909602,0.10576286,-0.14257276,0.030645529,0.2917385,0.010328478,-0.025682606,-0.14185628,0.19976178,-0.9132946,-0.3518644,0.19149882,0.26625568,0.42472202,0.049957387,-0.0251059,-0.066115834,0.116889805,0.0023482842,0.046152826,-0.027212307,-0.026960148,0.31968346,-0.16927984,-0.052078087,0.52193505,-0.031725656
436,0.020789143,0.15963052,-0.09622758,-0.9597777,-0.012261027,-0.22936516,0.06834271,0.2288864,0.2935325,-0.367494,0.18307944,0.2440912,-0.01755215,-0.18285732,-0.10224344,-0.05822836,-0.8767747,0.037603967,0.18588951,-0.7532801,-0.08181297,0.37308547,-0.38502595,-0.23351246,0.10763547,-0.07065169,-0.117138125,0.06475964,0.58775145,-0.4998873,0.1816859,0.33079633,0.28115103,-0.18615596,0.6802359,0.08353156,-0.26718286,0.057793103,0.10488071,-0.13503152,0.03671206,0.2779227,0.004968023,-0.023103617,-0.14832833,0.17902201,-0.91410464,-0.3542367,0.18616952,0.25730315,0.44844073,0.04666641,-0.024004746,-0.07049781,0.11903299,0.0016557287,0.044872887,-0.031491544,-0.024433836,0.3248386,-0.16270187,-0.048371475,0.50994605,-0.017813126
437,0.026816912,0.16449612,-0.100729436,-0.95764935,-0.011551339,-0.22339658,0.059659746,0.23737466,0.29180342,-0.37064016,0.17986247,0.24844293,-0.01733654,-0.20246506,-0.113450676,-0.063371465,-0.86998415,0.039324716,0.18736103,-0.76141125,-0.07976625,0.36328852,-0.37598735,-0.2214651,0.108442515,-0.0694298,-0.118438974,0.06625304,0.5881322,-0.4958837,0.18408167,0.33434895,0.28637803,-0.18374957,0.68532526,0.08175548,-0.26240313,0.055632945,0.107747026,-0.13454819,0.033221208,0.28066406,0.004633817,-0.031985126,-0.14800873,0.18799366,-0.9210861,-0.35286695,0.19755314,0.2527341,0.44720644,0.049574282,-0.025568021,-0.06709314,0.123290785,0.00022512443,0.052596487,-0.031449664,-0.030800845,0.31821927,-0.16633949,-0.04703058,0.5036686,-0.025187865
438,0.032198947,0.1674585,-0.0909036,-0.9572811,-0.0055716024,-0.2286403,0.060776662,0.2398036,0.28997895,-0.37961006,0.18579794,0.24543521,-0.013473987,-0.20026617,-0.10387359,-0.063334055,-0.8714497,0.03725374,0.18856035,-0.7549388,-0.07339207,0.36431578,-0.3914341,-0.23604666,0.1047977,-0.07080496,-0.1194552,0.06479884,0.5815468,-0.5036156,0.18961377,0.34350052,0.29915458,-0.1985021,0.6948799,0.07236679,-0.26534253,0.059257507,0.108305,-0.13493411,0.036363814,0.29951954,0.006933407,-0.03445724,-0.15721543,0.1942666,-0.91445655,-0.36255258,0.19783194,0.26051778,0.44542152,0.052756824,-0.026100906,-0.06759589,0.122557506,-0.0008510474,0.053126246,-0.03521571,-0.03031959,0.32290342,-0.1647539,-0.04941165,0.50296307,-0.028618675
439,0.027067099,0.16322969,-0.09732407,-0.961492,-0.011802045,-0.23403452,0.0644377,0.2263876,0.30311042,-0.36145842,0.17530677,0.24551639,-0.01819659,-0.20076801,-0.10141491,-0.059578344,-0.87505704,0.038537975,0.18565498,-0.7532002,-0.08150233,0.3694327,-0.37804362,-0.2249578,0.10748344,-0.07186302,-0.112329185,0.06598845,0.5842295,-0.49900505,0.18117906,0.33796406,0.28236005,-0.18565309,0.6755205,0.08109361,-0.26468444,0.057161957,0.10471539,-0.1365253,0.032816216,0.27896902,0.008343417,-0.025365623,-0.14576985,0.18115164,-0.9157714,-0.35186875,0.18607065,0.25751364,0.4418815,0.047080807,-0.025049485,-0.06917204,0.11511279,0.0022031977,0.041727826,-0.028964229,-0.026430901,0.319006,-0.1662552,-0.049520113,0.50983673,-0.022837425
440,0.027376268,0.16366191,-0.10033519,-0.9591987,-0.012420566,-0.22438154,0.06007509,0.23625505,0.29276085,-0.3700937,0.17900136,0.24777074,-0.016516346,-0.20420854,-0.1121955,-0.06252767,-0.8706974,0.039035805,0.18705437,-0.7607968,-0.08108233,0.36530736,-0.37576938,-0.22016037,0.109026596,-0.0696573,-0.11798614,0.06558253,0.5888504,-0.49561003,0.1835599,0.3333413,0.28590065,-0.186034,0.6843819,0.082755394,-0.2626754,0.05479701,0.10696745,-0.13549088,0.033524122,0.28119946,0.0056532403,-0.030501,-0.14722742,0.18743943,-0.9197277,-0.35243228,0.19618767,0.2517753,0.44706276,0.048926733,-0.02526085,-0.06680672,0.12256811,0.0011654145,0.051901773,-0.029549357,-0.030736875,0.31756535,-0.16643634,-0.046524294,0.50509834,-0.024062347
441,0.039256386,0.1727048,-0.09636527,-0.95936775,-0.00843549,-0.24177158,0.056442395,0.23355454,0.30296096,-0.36137325,0.17556547,0.25047442,-0.01364564,-0.21654758,-0.10203569,-0.06401402,-0.8678399,0.041429907,0.18681088,-0.76271856,-0.071257904,0.36263686,-0.37800732,-0.21290955,0.10862362,-0.07313046,-0.111835964,0.07649411,0.5742846,-0.502426,0.18639025,0.34664887,0.28613836,-0.18556388,0.6959511,0.07431616,-0.25528282,0.05690135,0.10283949,-0.13364083,0.028747637,0.2802513,0.0064796926,-0.035451025,-0.15536775,0.18804471,-0.9181314,-0.35132048,0.18802072,0.25265488,0.42278317,0.0523166,-0.024744047,-0.0667286,0.11928968,-0.0009239978,0.050087776,-0.027840085,-0.030037776,0.32068732,-0.16721997,-0.04792159,0.49973115,-0.02840772
442,0.03760048,0.17080674,-0.09986324,-0.9570215,-0.009197819,-0.2320138,0.056237612,0.23138417,0.30110607,-0.3562511,0.17571996,0.2499876,-0.016094396,-0.2060345,-0.10641842,-0.06503977,-0.86667097,0.04130459,0.18536675,-0.7584444,-0.070599966,0.3569636,-0.37436545,-0.21422338,0.107003346,-0.07325795,-0.11504385,0.072518155,0.5666429,-0.5024547,0.18103042,0.34989172,0.2833029,-0.179285,0.69629985,0.07315655,-0.25340894,0.057166096,0.10010916,-0.13300693,0.027395891,0.27640837,0.0062235757,-0.034064777,-0.15456615,0.18364762,-0.9207253,-0.35151717,0.18768485,0.25552768,0.42174053,0.051170453,-0.02398712,-0.06723576,0.11893469,0.00024284954,0.053175457,-0.03532634,-0.027647989,0.3198993,-0.16787875,-0.04832403,0.4972936,-0.028241534
443,0.03185494,0.16409566,-0.10543568,-0.9554458,-0.012602843,-0.2478165,0.06117834,0.23859432,0.2976655,-0.3690779,0.16945533,0.25367922,-0.010194828,-0.22028205,-0.10245771,-0.06333346,-0.8722327,0.041122235,0.19005182,-0.76412725,-0.079703234,0.36526936,-0.39025214,-0.21688923,0.11314655,-0.07014204,-0.11244398,0.07013075,0.5945951,-0.50614506,0.18766175,0.33292678,0.29110146,-0.18639241,0.68322587,0.08217788,-0.25777343,0.0535553,0.10239357,-0.13358018,0.03154418,0.28031203,0.0024850634,-0.032944966,-0.148202,0.19252709,-0.9174761,-0.3508196,0.19627728,0.25121373,0.43192226,0.050923392,-0.023735426,-0.06852236,0.12313685,0.0019463273,0.05142537,-0.02243871,-0.03208633,0.32040718,-0.16851367,-0.046767566,0.5152897,-0.027698776
444,0.022631349,0.15162812,-0.08859939,-0.9610332,-0.009072486,-0.22971316,0.059004176,0.2218253,0.30476594,-0.35041043,0.17080021,0.23246537,-0.011655477,-0.18332833,-0.094334826,-0.061442368,-0.88779247,0.03639268,0.18784711,-0.74704933,-0.07441823,0.35635242,-0.37168914,-0.22947337,0.09905331,-0.072851725,-0.11435471,0.070754156,0.54551417,-0.48798916,0.16903776,0.34417385,0.26792854,-0.17255887,0.69528353,0.07312586,-0.27103028,0.06602697,0.09324726,-0.13449726,0.032993883,0.26834816,0.0036066102,-0.02126793,-0.16097143,0.16796106,-0.9158441,-0.34430474,0.17467397,0.253399,0.4429705,0.04571484,-0.021140054,-0.067006625,0.11418572,0.002918912,0.048284497,-0.037197962,-0.026667917,0.30660143,-0.15212227,-0.04923507,0.50237745,-0.023149267
445,0.032546896,0.15960771,-0.09418098,-0.9602034,-0.010759725,-0.23890318,0.058315907,0.22621408,0.3036401,-0.34639332,0.16983798,0.24441364,-0.00855331,-0.1943039,-0.09489779,-0.06156956,-0.87760234,0.04008673,0.18539582,-0.7515628,-0.072980545,0.36333805,-0.37705696,-0.21566156,0.10411993,-0.07422965,-0.11166597,0.07434686,0.5613085,-0.50004,0.17419377,0.3472078,0.27209604,-0.17486268,0.69992745,0.07629964,-0.25724426,0.060282525,0.09274278,-0.13179314,0.029598178,0.26571715,0.0031023403,-0.024938231,-0.15670629,0.17216511,-0.9157872,-0.3471586,0.17960332,0.24623539,0.42487603,0.04843444,-0.021040425,-0.06693523,0.11674519,0.0026637535,0.05085906,-0.031723447,-0.028515518,0.31974944,-0.16122213,-0.04783634,0.50474346,-0.022099016
446,0.027555324,0.15875429,-0.10644077,-0.95357496,-0.010345953,-0.25758493,0.06354704,0.2335662,0.2979269,-0.37389776,0.15945674,0.24865991,-0.0070751226,-0.2257419,-0.10238013,-0.0624688,-0.8825415,0.039516672,0.19493976,-0.7633761,-0.08090817,0.36333042,-0.39764735,-0.22434746,0.11302554,-0.07630689,-0.11386226,0.064600244,0.5846096,-0.51224816,0.1875852,0.3371696,0.30261117,-0.19791952,0.6732828,0.081534855,-0.26279965,0.056414224,0.10476714,-0.13747527,0.030521318,0.28980088,0.009886248,-0.032155674,-0.14441012,0.19727133,-0.9154529,-0.35087126,0.19331227,0.2606266,0.43400326,0.048896037,-0.02624044,-0.06715847,0.12065155,0.0047775256,0.044929665,-0.02196728,-0.029315406,0.31212828,-0.16838285,-0.050811093,0.5223619,-0.034424394
447,0.034958284,0.1711511,-0.100631416,-0.9588913,-0.00978488,-0.23490717,0.056550357,0.23080808,0.29936117,-0.35551527,0.17351848,0.24831562,-0.017519033,-0.20891137,-0.11087027,-0.06531871,-0.8711364,0.04190403,0.18694264,-0.7625584,-0.070519716,0.36007792,-0.36950618,-0.20763682,0.10528603,-0.073985115,-0.11101865,0.08010716,0.5691307,-0.49448243,0.18160954,0.3407283,0.27432388,-0.16947034,0.6961149,0.071885206,-0.25786385,0.05812097,0.10255683,-0.13098848,0.02905103,0.26619387,0.00053271727,-0.034890383,-0.1580323,0.17660792,-0.92290294,-0.34614283,0.18654336,0.24940561,0.4242873,0.050541654,-0.02453412,-0.06870213,0.12107116,-0.0009491616,0.055057906,-0.031796906,-0.031240439,0.3187412,-0.16557126,-0.047813073,0.493174,-0.025700187
448,0.03298723,0.16575898,-0.10126433,-0.95839095,-0.0112252105,-0.25100362,0.062185064,0.2306939,0.30021846,-0.36756724,0.16948435,0.24747573,-0.013411071,-0.21333382,-0.10362894,-0.06322188,-0.8795867,0.039891098,0.19063453,-0.7613237,-0.077492744,0.3646879,-0.3869457,-0.218297,0.11102627,-0.07229923,-0.112871595,0.06816394,0.5862882,-0.50653166,0.18362194,0.33949497,0.29020393,-0.18678603,0.6803631,0.07751385,-0.26138467,0.057896264,0.10603855,-0.13849159,0.029185902,0.28101882,0.007683254,-0.028707359,-0.144301,0.18932326,-0.9174477,-0.3479552,0.1903654,0.25764605,0.42671576,0.049013525,-0.024954256,-0.065914884,0.1182689,0.0015417485,0.048898675,-0.026850635,-0.029381134,0.31700838,-0.16904241,-0.050039593,0.51265466,-0.029081982
449,0.030675983,0.15886502,-0.09649451,-0.95951414,-0.010663546,-0.24257998,0.058348693,0.23149289,0.30162767,-0.34845677,0.1676406,0.24575396,-0.008787267,-0.19600298,-0.09530793,-0.062609315,-0.87715775,0.040440556,0.18719795,-0.75555986,-0.07509555,0.36022264,-0.3794458,-0.21491416,0.10655871,-0.07226462,-0.11194603,0.07615797,0.56823057,-0.49466112,0.17795557,0.3408898,0.27362278,-0.17272837,0.6965365,0.077745445,-0.25930077,0.057835512,0.093702696,-0.13057564,0.030716076,0.26391694,-0.00021902302,-0.027341409,-0.1599804,0.17546888,-0.9175917,-0.34510675,0.18378559,0.24259983,0.42785797,0.04868809,-0.019917719,-0.06770997,0.11837543,0.0026394264,0.05428134,-0.029488118,-0.031616673,0.3169918,-0.16132322,-0.04652123,0.5043946,-0.02468954
450,0.03493391,0.17026445,-0.09714847,-0.9610094,-0.009610069,-0.23862268,0.056340393,0.23069957,0.301094,-0.35352063,0.1752696,0.246593,-0.016295604,-0.20965907,-0.10904023,-0.06484029,-0.8707996,0.041583233,0.18689774,-0.76258874,-0.070702545,0.3597463,-0.36801115,-0.20698869,0.10655483,-0.07323814,-0.11114292,0.07943285,0.5683184,-0.48999113,0.18282709,0.3414266,0.27407327,-0.17258723,0.6971049,0.07321749,-0.25764117,0.057613157,0.10160001,-0.13198626,0.029165862,0.26472604,0.0026065768,-0.03373688,-0.15837911,0.17669226,-0.9216796,-0.34428596,0.18521407,0.24653484,0.42375186,0.050256893,-0.024117999,-0.06787938,0.1194897,-0.00032277443,0.05357267,-0.030637816,-0.031231383,0.31700853,-0.1651599,-0.047879554,0.49267152,-0.026078537
451,0.033461314,0.16729063,-0.102976464,-0.957309,-0.010770989,-0.23015137,0.055733256,0.22928098,0.29880142,-0.35068932,0.17195354,0.24727963,-0.019120414,-0.20500536,-0.11400951,-0.06600594,-0.8705246,0.041641265,0.18720919,-0.7609074,-0.07159566,0.35514417,-0.36525398,-0.20731339,0.1051307,-0.07342464,-0.11333521,0.07711054,0.5623964,-0.48990968,0.17832433,0.34140432,0.27011326,-0.16555357,0.6972916,0.07243995,-0.2569102,0.057563394,0.09937977,-0.13114057,0.028596181,0.26223114,-0.0005102471,-0.033703003,-0.15864849,0.17295568,-0.92452073,-0.34464318,0.18543153,0.24738322,0.42523193,0.049186274,-0.02321413,-0.068859175,0.12118451,-2.686082e-05,0.058608323,-0.035695527,-0.03008598,0.31528312,-0.16484252,-0.047296118,0.49142873,-0.025570368
452,0.03236227,0.15848365,-0.098444045,-0.9594697,-0.011669749,-0.23552485,0.058005605,0.22371995,0.30408135,-0.34685007,0.16544187,0.24158265,-0.011107082,-0.19507569,-0.0978873,-0.062994145,-0.8833581,0.039452426,0.18946955,-0.75262153,-0.07531875,0.35758403,-0.37186754,-0.21530126,0.102351554,-0.0736942,-0.11074518,0.07302893,0.55562484,-0.49824315,0.17238353,0.3450545,0.2723838,-0.17041832,0.69195116,0.0726883,-0.264539,0.062086724,0.092690274,-0.1349527,0.028098853,0.2667847,0.002429482,-0.02523633,-0.16034427,0.17216541,-0.9184295,-0.34911162,0.17806622,0.2511574,0.42749026,0.047330894,-0.020950384,-0.06925391,0.1160728,0.0035151837,0.055866603,-0.03207678,-0.029859569,0.31479657,-0.16001715,-0.04789588,0.50515777,-0.02485095
453,0.03326123,0.16390012,-0.102012165,-0.95838,-0.011926373,-0.24888726,0.061662193,0.2297679,0.29986042,-0.36536324,0.16919738,0.24722703,-0.013272702,-0.21035762,-0.103199914,-0.06319658,-0.87968385,0.03973674,0.19073911,-0.7598662,-0.078091644,0.36417907,-0.38564909,-0.218091,0.110550255,-0.072234966,-0.11349434,0.06695353,0.5837575,-0.5061732,0.18194942,0.339654,0.28857413,-0.18582773,0.6811846,0.07810941,-0.26111543,0.057764746,0.1037232,-0.13872151,0.029306524,0.27966487,0.0072604353,-0.027532745,-0.14459692,0.1878522,-0.9173401,-0.34812346,0.1898139,0.2554951,0.4269274,0.04859933,-0.024426568,-0.06614725,0.11839723,0.0022370114,0.050103124,-0.027343584,-0.029017884,0.31659517,-0.16834433,-0.049694397,0.512608,-0.028159179
454,0.03465483,0.16999876,-0.09757443,-0.95738065,-0.007938513,-0.24393454,0.059626225,0.23918773,0.29827887,-0.36173904,0.17518471,0.24907325,-0.012053857,-0.20757163,-0.10695788,-0.065255776,-0.8708562,0.04095165,0.18836473,-0.7605415,-0.070875145,0.35929483,-0.38482356,-0.21554725,0.10695952,-0.07265332,-0.113012254,0.076761,0.5792948,-0.49818376,0.18854558,0.34082818,0.2863881,-0.17721808,0.69480056,0.07196452,-0.25816485,0.055881936,0.10175222,-0.13052355,0.031001393,0.2739935,0.00064326,-0.034475908,-0.1594445,0.18627813,-0.91933,-0.3494511,0.19245344,0.2500455,0.42671683,0.051952086,-0.024215316,-0.06938261,0.120367676,-0.00055962725,0.054320615,-0.030848945,-0.032362487,0.3203374,-0.16722272,-0.047951773,0.499521,-0.030677889
455,0.035143897,0.16613576,-0.104572624,-0.9611961,-0.014422613,-0.24326234,0.060468595,0.22336093,0.3048655,-0.36265287,0.16605207,0.24722065,-0.015823666,-0.22443736,-0.10718599,-0.06265028,-0.8788088,0.040865656,0.19214118,-0.7663703,-0.07994291,0.36473307,-0.3715036,-0.20891973,0.11034688,-0.07461442,-0.10959778,0.071129315,0.5788299,-0.49994567,0.18012987,0.3401951,0.28084528,-0.18318948,0.67868346,0.079085395,-0.26185662,0.05869782,0.10500001,-0.1401079,0.027327614,0.27280167,0.009789096,-0.02920616,-0.14571384,0.18188535,-0.9205787,-0.34874117,0.18335687,0.25739634,0.4262476,0.047726285,-0.026464663,-0.06684182,0.117718145,0.0015831867,0.051947266,-0.025295481,-0.02828385,0.31355336,-0.16789475,-0.048833936,0.51046395,-0.025122033
456,0.022932412,0.16427676,-0.09475151,-0.96040106,-0.011477908,-0.23021224,0.06681405,0.23400682,0.29199156,-0.37914494,0.18737032,0.24105851,-0.015923513,-0.1949978,-0.10362006,-0.059596967,-0.87949497,0.03801853,0.19183567,-0.76245606,-0.07950331,0.36919415,-0.38133365,-0.23281135,0.1054499,-0.06909792,-0.11472855,0.06865608,0.5889089,-0.49403393,0.18708818,0.33171436,0.28441462,-0.18714057,0.68075114,0.08002411,-0.27275917,0.06156353,0.10800889,-0.13715808,0.037214786,0.27943295,0.005516364,-0.027618771,-0.15376769,0.1819226,-0.91612947,-0.3590123,0.18727402,0.2608959,0.45398688,0.048683953,-0.025723664,-0.07184786,0.12050673,-0.0006074545,0.049198613,-0.029825805,-0.027666906,0.32275516,-0.16235337,-0.048513282,0.5093955,-0.021150507
457,0.030645382,0.1555312,-0.09076163,-0.9594563,-0.007963253,-0.24889506,0.06051579,0.22653559,0.30409005,-0.35167685,0.16564955,0.2405787,-0.0066556693,-0.19296505,-0.092384346,-0.061498538,-0.8866786,0.03820153,0.18890789,-0.74978554,-0.07264198,0.36281908,-0.38938046,-0.22400317,0.10357909,-0.07416123,-0.111133,0.0716592,0.56221324,-0.50478286,0.17553917,0.3475177,0.2802826,-0.18068802,0.69713455,0.07338158,-0.26299408,0.06354633,0.09428765,-0.13422771,0.030485008,0.2739292,0.0039222646,-0.022956256,-0.1579083,0.17800495,-0.9131487,-0.3471513,0.18072633,0.25078854,0.42616975,0.0482452,-0.021191321,-0.06670112,0.115425214,0.0031138686,0.050728913,-0.03129103,-0.028635262,0.3151461,-0.15780893,-0.049672697,0.51039106,-0.026937187
458,0.03247934,0.15738586,-0.088018596,-0.95957994,-0.008169833,-0.2476081,0.05930502,0.22623518,0.3075119,-0.34606004,0.16869074,0.24106026,-0.0067728017,-0.18838294,-0.09396803,-0.0625024,-0.8839334,0.03821233,0.1873284,-0.74671537,-0.07106077,0.35881573,-0.3879158,-0.22510996,0.10565879,-0.07371392,-0.11409043,0.06827228,0.5571209,-0.505615,0.17314541,0.35140017,0.28025827,-0.17973329,0.70090723,0.073271036,-0.26049212,0.06322424,0.0917074,-0.13641255,0.028884709,0.27242824,0.0063077426,-0.019530274,-0.15535624,0.1800647,-0.91314834,-0.34460172,0.17829515,0.2523136,0.4224549,0.047979627,-0.020196192,-0.06547575,0.11313408,0.0035540974,0.0481043,-0.034212317,-0.02628013,0.314945,-0.15849486,-0.050037354,0.51021856,-0.0276394
459,0.029138898,0.16269532,-0.09881291,-0.9588151,-0.012364975,-0.24641606,0.0680439,0.2260949,0.29992938,-0.3677622,0.17460585,0.24523744,-0.0124713,-0.19894591,-0.10006639,-0.060987674,-0.88431567,0.038830794,0.19299577,-0.7591542,-0.076954275,0.36629352,-0.3903758,-0.22738367,0.109869175,-0.07262611,-0.11555795,0.06340978,0.5839998,-0.5114566,0.17972076,0.34173235,0.28816202,-0.18687269,0.68067855,0.07820449,-0.2625007,0.062310822,0.10386937,-0.1417584,0.030118369,0.2773241,0.010741419,-0.020865787,-0.14294335,0.18414868,-0.9157913,-0.35338122,0.18357898,0.2645654,0.42909303,0.04697347,-0.024452612,-0.06762374,0.11635902,0.0018443629,0.048306994,-0.031873297,-0.022955496,0.32035434,-0.16610798,-0.05151006,0.51840067,-0.025429923
460,0.038317554,0.17547399,-0.10062078,-0.9535057,-0.010137619,-0.24489807,0.064794585,0.23509654,0.28867054,-0.38980034,0.17956388,0.24808446,-0.013776371,-0.21323836,-0.09393002,-0.0657877,-0.88475484,0.040208265,0.20019233,-0.76870483,-0.07047099,0.3595028,-0.39556792,-0.23581219,0.10433526,-0.07191623,-0.11606183,0.07669688,0.5845066,-0.5155867,0.1855002,0.33570915,0.29696172,-0.18643649,0.68589264,0.06475817,-0.27081263,0.066927485,0.11256539,-0.13808443,0.033212878,0.29262316,0.0048147673,-0.038202673,-0.15745813,0.188583,-0.91800475,-0.36583272,0.19004399,0.2754341,0.4308513,0.05280192,-0.024322309,-0.06841439,0.12366671,-0.0027225967,0.05573336,-0.03372823,-0.030475844,0.32964063,-0.16744642,-0.05277291,0.5142978,-0.027730675
461,0.027237618,0.16458167,-0.09974922,-0.95717597,-0.010611154,-0.22952537,0.06361164,0.23798369,0.28914675,-0.38127902,0.18130194,0.24688436,-0.015339089,-0.20502174,-0.10950471,-0.062592365,-0.87613654,0.03781311,0.19133572,-0.75905883,-0.08020258,0.36713982,-0.38826823,-0.23096573,0.10746847,-0.06947085,-0.11706801,0.06165695,0.5947031,-0.5027019,0.18755426,0.3338314,0.29605642,-0.19264765,0.68036103,0.07869172,-0.26866704,0.058021877,0.11004652,-0.13771054,0.035898343,0.29190633,0.0061190617,-0.03118541,-0.1487069,0.19285525,-0.9171886,-0.36004353,0.19966954,0.26009834,0.44983897,0.05052952,-0.02677966,-0.06922492,0.123170055,0.00059914135,0.05240879,-0.029635461,-0.031019112,0.32139775,-0.16640659,-0.04917541,0.5113471,-0.026603106
462,0.035079625,0.1658572,-0.10155209,-0.9614414,-0.012966921,-0.24429809,0.06121328,0.2210552,0.30837736,-0.35423657,0.16637672,0.24918777,-0.017494671,-0.21400504,-0.10570168,-0.0609468,-0.87752336,0.040594064,0.18666969,-0.7594418,-0.08001717,0.36807156,-0.3753855,-0.21205483,0.11037898,-0.07493375,-0.10717329,0.070642054,0.58138096,-0.5037991,0.17990643,0.34080887,0.28003538,-0.18100137,0.6779054,0.079897836,-0.26124814,0.057014868,0.10352905,-0.13659588,0.028926624,0.2727969,0.008215162,-0.027084753,-0.1468393,0.18061069,-0.91809034,-0.3487923,0.18167748,0.25637063,0.4238518,0.047446012,-0.025426922,-0.06940326,0.11418946,0.002371157,0.046721816,-0.025281511,-0.026371188,0.31708547,-0.1662051,-0.048981708,0.5115343,-0.023983791
463,0.03475304,0.17053957,-0.09821762,-0.95829,-0.008683765,-0.23474804,0.05542214,0.22994506,0.30170974,-0.35217518,0.17405891,0.24606816,-0.018096896,-0.2024087,-0.11106415,-0.06613911,-0.8720034,0.04150494,0.18722518,-0.7621194,-0.0701031,0.35513818,-0.36695576,-0.20882401,0.104423285,-0.073638916,-0.11173003,0.08002367,0.5624349,-0.49083668,0.18092176,0.3432546,0.27345198,-0.16606574,0.697111,0.0706207,-0.25997198,0.059190463,0.10213451,-0.131063,0.028080503,0.26477093,0.00028817338,-0.034666535,-0.16156949,0.17488703,-0.92365,-0.34542197,0.18448363,0.2501039,0.42469463,0.050022338,-0.023957929,-0.06875073,0.1194707,-0.00094834116,0.056432646,-0.034320664,-0.031185819,0.31618032,-0.16364972,-0.047708504,0.49134743,-0.027697194
464,0.034680516,0.17039302,-0.09399504,-0.9606384,-0.007959141,-0.2397617,0.05612227,0.22943097,0.30340755,-0.3532848,0.17461343,0.24460469,-0.016652841,-0.20341212,-0.10645055,-0.06453858,-0.87246186,0.041228704,0.18592384,-0.7620336,-0.07002341,0.35849372,-0.369273,-0.20785902,0.10364285,-0.07415723,-0.11016102,0.08280821,0.5644551,-0.48858804,0.18232015,0.34324765,0.27266866,-0.16873561,0.69840866,0.07159712,-0.26009983,0.05880376,0.103707075,-0.12960774,0.029431498,0.26519167,0.0013298624,-0.034476425,-0.16267921,0.17220119,-0.9211658,-0.34515265,0.18316507,0.24774122,0.42458212,0.04994749,-0.023987092,-0.068199456,0.11791609,-0.00091420265,0.05481542,-0.032440484,-0.031482436,0.3165222,-0.1633664,-0.046997476,0.4920097,-0.026276827
465,0.034246735,0.1606468,-0.090630166,-0.96077806,-0.008659273,-0.2461578,0.055733897,0.23155387,0.30640623,-0.34990674,0.16944653,0.24157715,-0.0073554693,-0.19635257,-0.09363778,-0.06244912,-0.878604,0.04002301,0.18952677,-0.7555523,-0.07338468,0.35708076,-0.3773687,-0.21694244,0.10262792,-0.072015494,-0.10998443,0.07778111,0.5598184,-0.49171132,0.17932929,0.34711012,0.27564567,-0.17379998,0.6979381,0.074263856,-0.2632999,0.06086071,0.09406305,-0.13204116,0.02881777,0.26739955,0.0015677676,-0.028181056,-0.16538672,0.17628327,-0.91592926,-0.34832242,0.18099712,0.24464668,0.4298505,0.04952808,-0.020133967,-0.067999445,0.11540185,0.0024623564,0.05278805,-0.028910754,-0.032753788,0.31629652,-0.16034766,-0.047358457,0.50275147,-0.027929222
466,0.03299075,0.16096479,-0.09222519,-0.96000874,-0.0088816425,-0.24492641,0.056626767,0.2323678,0.30476782,-0.35083503,0.16977362,0.24218681,-0.007592938,-0.19705012,-0.09474735,-0.06270564,-0.87870145,0.04009126,0.18914777,-0.75684285,-0.073274165,0.35657912,-0.37778252,-0.21652046,0.10355011,-0.071965724,-0.110309765,0.07868561,0.56170535,-0.49208462,0.17967802,0.34431022,0.2757034,-0.17198081,0.69698805,0.074373804,-0.263266,0.060315393,0.094853684,-0.13102774,0.02911741,0.2666297,0.00062709843,-0.02872779,-0.16503364,0.17677224,-0.9168808,-0.3465784,0.18191567,0.24531251,0.42976996,0.04937728,-0.020451665,-0.068051524,0.116670914,0.0017503566,0.053291608,-0.029225392,-0.03294574,0.31596172,-0.16009343,-0.0471389,0.50225306,-0.027761405
467,0.036661748,0.17681354,-0.09610376,-0.9544887,-0.007351014,-0.2260047,0.060656633,0.24519815,0.28271195,-0.39712512,0.18750402,0.24482562,-0.017299058,-0.20672086,-0.105885155,-0.06721676,-0.8769644,0.038132325,0.19672817,-0.76274514,-0.073591806,0.3548082,-0.39141592,-0.23948306,0.10006619,-0.06863212,-0.11997255,0.07241281,0.5886913,-0.4999115,0.19199975,0.33407402,0.30465156,-0.1894579,0.68557775,0.06463255,-0.27713042,0.061648842,0.11720432,-0.13502859,0.03783927,0.30422983,0.004173985,-0.043324355,-0.16509323,0.19350849,-0.91861826,-0.37308815,0.20387281,0.27241004,0.4494343,0.05465513,-0.026385855,-0.0700038,0.12455986,-0.0028916353,0.061132822,-0.037121095,-0.03616474,0.3269662,-0.1686625,-0.049386077,0.50501704,-0.031312626
468,0.026227886,0.1606072,-0.1019573,-0.95611864,-0.012234211,-0.22866459,0.062542394,0.23724848,0.28948125,-0.37873575,0.17770731,0.24542299,-0.015018431,-0.20709944,-0.11087437,-0.06304737,-0.8757176,0.037592303,0.19159098,-0.7593919,-0.0826021,0.36210072,-0.38478482,-0.23022443,0.10979025,-0.06801654,-0.1186029,0.059943546,0.5886631,-0.49662682,0.18541622,0.32991597,0.29297137,-0.19310597,0.68204135,0.08070808,-0.26865184,0.0562459,0.1061982,-0.13816829,0.035423,0.2902718,0.0041045486,-0.03038284,-0.14972253,0.1939561,-0.9177439,-0.35492814,0.19841766,0.2581216,0.44884676,0.049561094,-0.02557642,-0.06900498,0.12551671,0.001972233,0.05381152,-0.028696813,-0.031436417,0.31601757,-0.16393326,-0.048283055,0.50990254,-0.026280351
469,0.026702784,0.1616744,-0.100428164,-0.95582753,-0.011169008,-0.22859159,0.062581435,0.23672059,0.2912174,-0.3786133,0.17740999,0.24596652,-0.015200494,-0.2035195,-0.10918702,-0.06320591,-0.8775776,0.037487973,0.19141607,-0.75868315,-0.08192336,0.3633191,-0.38640663,-0.23145697,0.10778886,-0.06912567,-0.11753201,0.061204463,0.5894788,-0.5013746,0.18518667,0.33242252,0.29376057,-0.18991944,0.68051857,0.078627564,-0.2702406,0.058023065,0.10786374,-0.13757083,0.035379246,0.29171878,0.004187505,-0.03069702,-0.15059029,0.19178677,-0.9174246,-0.3581631,0.19740093,0.2603538,0.44999468,0.049451932,-0.025433518,-0.068920046,0.123005226,0.0014378699,0.054308232,-0.029906936,-0.031313322,0.3176969,-0.16402937,-0.048137955,0.512145,-0.026856694
470,0.03585524,0.16679281,-0.09691819,-0.9589971,-0.008740972,-0.24135579,0.0600443,0.2234578,0.306575,-0.35313445,0.16618407,0.2455435,-0.0139257535,-0.20965466,-0.09996758,-0.06329691,-0.8781897,0.03967783,0.18766813,-0.75068945,-0.07263826,0.36079672,-0.37801033,-0.2188907,0.10382556,-0.07918002,-0.11289069,0.07004326,0.55990934,-0.50854266,0.17772774,0.3525754,0.2859972,-0.18321817,0.68418807,0.06863661,-0.26001635,0.06118009,0.09738744,-0.13751628,0.027512524,0.27917802,0.010608538,-0.028267002,-0.15040734,0.1801815,-0.91643316,-0.35289866,0.17932583,0.2616562,0.42262435,0.048573207,-0.026196864,-0.06887966,0.11256911,0.0022360797,0.044566438,-0.033970673,-0.026055317,0.31813958,-0.16916746,-0.05229124,0.50666434,-0.029506264
471,0.027246539,0.16656987,-0.096596114,-0.95949495,-0.009080656,-0.22107014,0.058860935,0.22879729,0.29804364,-0.36148134,0.18069194,0.2386422,-0.019502409,-0.19924507,-0.10908527,-0.06470445,-0.87547225,0.038711093,0.18891963,-0.755869,-0.07155992,0.35535103,-0.3647084,-0.22102942,0.098972395,-0.07252227,-0.113930404,0.074411586,0.5573283,-0.4846702,0.17841223,0.34183654,0.2728274,-0.17035487,0.6915205,0.06878284,-0.26757348,0.0629213,0.101843745,-0.1336172,0.03241428,0.27050596,0.0030472327,-0.03271739,-0.16176149,0.17158274,-0.9222928,-0.35133353,0.18341102,0.2581437,0.4434892,0.04903593,-0.025610156,-0.07097743,0.11877523,-0.0005210012,0.053122945,-0.03946141,-0.02898127,0.31421757,-0.16205232,-0.04966321,0.49243146,-0.02511768
472,0.02558523,0.1565038,-0.09183092,-0.95908344,-0.008824645,-0.22224855,0.059533704,0.23024338,0.29405183,-0.35965192,0.17604347,0.23894414,-0.011998314,-0.18320446,-0.09945052,-0.062102012,-0.8809257,0.037148856,0.18778871,-0.74914694,-0.075911455,0.3588416,-0.37639192,-0.22978559,0.0993091,-0.07166817,-0.11753418,0.069286734,0.56060934,-0.4926119,0.17530498,0.34193143,0.27717242,-0.17723519,0.69549185,0.074014336,-0.26899108,0.06264383,0.09820204,-0.13294166,0.034314726,0.27706409,0.0019191325,-0.02638164,-0.16197978,0.17493561,-0.9167773,-0.35399306,0.18564008,0.25196666,0.447066,0.048039857,-0.021699075,-0.068064466,0.11891208,0.0019750332,0.054693818,-0.037125353,-0.030370269,0.316023,-0.15822743,-0.047937583,0.50057167,-0.023721868
473,0.02705777,0.1569026,-0.09158698,-0.95857954,-0.008727974,-0.2235138,0.057905782,0.23050296,0.2951984,-0.35996336,0.17604986,0.23848489,-0.012051946,-0.18689129,-0.10114058,-0.062891476,-0.881593,0.03709681,0.18970199,-0.75075555,-0.07598382,0.35658643,-0.3744446,-0.23098928,0.10008064,-0.07103873,-0.11735513,0.06802946,0.5581903,-0.49249032,0.17585829,0.34257725,0.2786191,-0.1777189,0.6949219,0.07285537,-0.27070302,0.06373096,0.09750937,-0.13520497,0.03318733,0.2782552,0.002207295,-0.026668442,-0.16298385,0.17851421,-0.91748357,-0.35398808,0.18496329,0.2533701,0.4472932,0.04826889,-0.021619348,-0.067921296,0.11881453,0.0019876081,0.0547143,-0.03640472,-0.030685805,0.31435713,-0.15722845,-0.048877724,0.50082195,-0.025542002
474,0.041363772,0.17206708,-0.092283,-0.9610038,-0.00756154,-0.24217825,0.05474112,0.23033877,0.30630133,-0.36099732,0.17652693,0.24565236,-0.013700495,-0.21512558,-0.10097676,-0.063331,-0.8693847,0.04086451,0.18881057,-0.7622616,-0.07089578,0.3584224,-0.37376276,-0.21439353,0.10557493,-0.0732107,-0.11020729,0.077325076,0.5639173,-0.49537608,0.18464665,0.3516069,0.28336093,-0.18528071,0.69784975,0.07304136,-0.25955236,0.05974024,0.10310389,-0.13423085,0.027909053,0.28002644,0.0076285466,-0.035530876,-0.16084261,0.18267109,-0.9172434,-0.35288355,0.18398555,0.25387853,0.42587686,0.05192362,-0.024230834,-0.067149974,0.11709587,-9.734749e-05,0.0521412,-0.029894715,-0.029873459,0.31842119,-0.16551441,-0.048232462,0.4980246,-0.0286807
475,0.025229555,0.16462387,-0.101426825,-0.9595701,-0.012237193,-0.23295943,0.065259345,0.22882484,0.29882917,-0.36481744,0.17611869,0.24898274,-0.01898369,-0.20319854,-0.10298839,-0.060113396,-0.87348497,0.039186787,0.18532003,-0.7551269,-0.08089058,0.37241974,-0.3808451,-0.22420259,0.10905831,-0.07166845,-0.11306397,0.066688664,0.591173,-0.50308126,0.18253604,0.33370754,0.28328195,-0.18480998,0.6752552,0.08171703,-0.26247802,0.056484185,0.10603799,-0.135572,0.03362347,0.2786616,0.0063102487,-0.027431222,-0.14310001,0.18351094,-0.91733307,-0.35124353,0.18967868,0.25745562,0.44175652,0.047958184,-0.025926057,-0.069373935,0.11844622,0.0009522843,0.041588537,-0.028188108,-0.027196202,0.3224141,-0.16751906,-0.049692675,0.5099295,-0.021879034
476,0.03045996,0.16184512,-0.092314765,-0.96271276,-0.01136015,-0.23318042,0.06041421,0.22182815,0.3050479,-0.34933007,0.1760015,0.23698866,-0.011640763,-0.18987581,-0.09388851,-0.06026629,-0.8845246,0.03997151,0.1908548,-0.7561604,-0.072364494,0.35988986,-0.3650421,-0.21871343,0.0984663,-0.07308416,-0.10781305,0.07968156,0.55171794,-0.49128878,0.17387572,0.34566405,0.26535976,-0.16754408,0.69352096,0.07233254,-0.2683427,0.06694709,0.09401563,-0.13396071,0.029042913,0.2595022,0.0031180696,-0.02403269,-0.16469365,0.16412729,-0.91735137,-0.35215786,0.17054816,0.25286892,0.43349424,0.04738292,-0.02149484,-0.072027296,0.1143157,0.001143654,0.051498223,-0.032734044,-0.027951485,0.32023412,-0.15791434,-0.048744876,0.5013239,-0.020589564
477,0.03380897,0.16166726,-0.09370777,-0.96214914,-0.010409104,-0.23444687,0.054544795,0.22435898,0.3067572,-0.34248286,0.16870385,0.24102604,-0.012171947,-0.1970705,-0.09842968,-0.062396836,-0.8780252,0.040766224,0.18666412,-0.75688046,-0.07257801,0.35659975,-0.3622889,-0.20914108,0.10126191,-0.073626034,-0.1093955,0.08024947,0.5505172,-0.48819155,0.17303792,0.34706753,0.26529828,-0.165835,0.6991605,0.0744759,-0.26115087,0.061554838,0.09451866,-0.1313045,0.026735341,0.2593344,0.0021560667,-0.028073477,-0.16261122,0.1678923,-0.91972697,-0.3440499,0.17629564,0.24393748,0.42592967,0.04785199,-0.020905556,-0.06712486,0.11582624,0.0015073013,0.05319846,-0.031232242,-0.031104319,0.31396583,-0.15923248,-0.04699265,0.4948489,-0.02378188
478,0.033086646,0.16253996,-0.099986,-0.95773125,-0.010992122,-0.25801873,0.0654512,0.22616638,0.3033585,-0.37283367,0.16509384,0.24461868,-0.0102472175,-0.21742105,-0.102106646,-0.06329227,-0.88808465,0.038335573,0.19598559,-0.7604476,-0.07811449,0.36358747,-0.39567718,-0.22670487,0.11188665,-0.07456906,-0.11186845,0.062670484,0.5834626,-0.5123845,0.18322743,0.3411793,0.29700968,-0.19479498,0.6774749,0.07470998,-0.2677143,0.0624434,0.105390325,-0.14328107,0.030428804,0.2875515,0.0105485385,-0.025609346,-0.14495642,0.19483142,-0.9149539,-0.35056132,0.18737577,0.26740193,0.42620796,0.048982777,-0.027158674,-0.06725575,0.116945595,0.0022224737,0.048846576,-0.026747359,-0.026783532,0.31266904,-0.16542435,-0.052522924,0.5219898,-0.03132593
479,0.03346871,0.16017452,-0.092071556,-0.9627304,-0.010534376,-0.23763038,0.054140233,0.22367896,0.30732188,-0.34184125,0.16800097,0.24116746,-0.011893746,-0.19488147,-0.09538553,-0.061800823,-0.878615,0.04073078,0.18605302,-0.7571924,-0.07337905,0.3596591,-0.36405012,-0.20855469,0.10135397,-0.07389383,-0.10856397,0.081975415,0.55248034,-0.48749632,0.17319399,0.3452707,0.26339033,-0.16555916,0.7006392,0.07574655,-0.26165196,0.061157215,0.09445914,-0.13017862,0.0282141,0.25828528,0.0010346428,-0.028055403,-0.16370687,0.16560279,-0.9185932,-0.3435114,0.1754786,0.24018641,0.42598316,0.047672186,-0.020383034,-0.06673693,0.11572108,0.0017680926,0.053530388,-0.0294669,-0.031715687,0.31427866,-0.15751633,-0.046004735,0.4961235,-0.02186755
480,0.026355067,0.158685,-0.102363005,-0.95551366,-0.012208767,-0.22302437,0.06247127,0.23566425,0.28978467,-0.37426782,0.17683852,0.24591662,-0.015004752,-0.19909695,-0.10990625,-0.06307746,-0.8765673,0.037373863,0.19071542,-0.75550544,-0.0822903,0.36157864,-0.38412324,-0.23086122,0.10657258,-0.06910454,-0.11934925,0.058587726,0.5852383,-0.50092846,0.18191443,0.33400196,0.29134208,-0.18819848,0.6818507,0.07974004,-0.26777467,0.05721059,0.104133956,-0.13718787,0.035068367,0.28909025,0.0043144613,-0.028854148,-0.14959034,0.18889782,-0.9178662,-0.358551,0.19739822,0.25742048,0.44991302,0.048769183,-0.024678705,-0.06906811,0.122987226,0.0025186026,0.056256674,-0.03269727,-0.029927878,0.3172345,-0.16433497,-0.047823735,0.51142275,-0.0257198
481,0.03608457,0.17598283,-0.09349665,-0.9583529,-0.008603754,-0.23674747,0.06258703,0.23704027,0.29623008,-0.36751848,0.18780768,0.2505396,-0.013407808,-0.19863321,-0.09481053,-0.061759286,-0.86858076,0.041161943,0.18793795,-0.76047885,-0.068875395,0.36664876,-0.38508302,-0.22513643,0.10620917,-0.070827015,-0.114276215,0.075317144,0.5827689,-0.510348,0.1881062,0.34598956,0.28938413,-0.18541515,0.6947061,0.07289077,-0.25701067,0.059675027,0.103418805,-0.13410906,0.030446272,0.28125918,0.006795743,-0.032068122,-0.15608631,0.18550019,-0.9150277,-0.36194876,0.18626948,0.25894472,0.42729658,0.052555848,-0.023337329,-0.06965365,0.11880778,-0.0020157348,0.048896562,-0.03250795,-0.027475722,0.33542326,-0.1687531,-0.049464103,0.50348675,-0.026001057
482,0.03130404,0.15932073,-0.1005871,-0.9592664,-0.012415506,-0.24690092,0.060643114,0.22966985,0.3027226,-0.35779387,0.1678103,0.24682215,-0.010975199,-0.21211165,-0.10408319,-0.061916802,-0.8762817,0.03960891,0.18712336,-0.758208,-0.07825866,0.36343822,-0.38400346,-0.21445253,0.11284256,-0.071100995,-0.11373568,0.06520194,0.58009964,-0.5010744,0.17956273,0.3390755,0.28478527,-0.18791603,0.68867296,0.08289966,-0.25459006,0.054784857,0.09832956,-0.13702689,0.028815608,0.2749702,0.007836369,-0.0250418,-0.14442986,0.18720424,-0.9162692,-0.34290186,0.18843213,0.25030658,0.4230918,0.04804167,-0.02365617,-0.065541364,0.11912839,0.0038665668,0.047944754,-0.026256729,-0.027461382,0.31245685,-0.16453885,-0.048123997,0.51171833,-0.026706362
483,0.039577574,0.18055661,-0.09705882,-0.9581594,-0.0068584364,-0.24644276,0.060003076,0.23860705,0.29608822,-0.37828323,0.17796345,0.25523606,-0.019023811,-0.21867952,-0.10178095,-0.06406291,-0.8672343,0.042224437,0.18778653,-0.76829046,-0.071040444,0.36423144,-0.3890648,-0.22030479,0.10557445,-0.07358999,-0.11097806,0.08751461,0.59551215,-0.50145906,0.19411056,0.334446,0.28918627,-0.1807544,0.68985903,0.07189878,-0.2610282,0.055332962,0.11591209,-0.12576547,0.033808656,0.28429595,0.00074454973,-0.044883702,-0.15875466,0.18536976,-0.9183939,-0.35782683,0.19805205,0.2565014,0.42930228,0.054214917,-0.024693327,-0.06687979,0.120635256,-0.004298654,0.04967355,-0.026014801,-0.03460654,0.32909667,-0.17092486,-0.047229346,0.4965525,-0.028150618
484,0.026605228,0.15447934,-0.093974434,-0.95922655,-0.010458769,-0.21889007,0.05890675,0.23014078,0.2926048,-0.35932288,0.17616604,0.2377569,-0.010832852,-0.18930838,-0.10154384,-0.061978325,-0.8797828,0.03702798,0.18993288,-0.74950325,-0.07715683,0.35583118,-0.37186494,-0.22931401,0.10009196,-0.0699595,-0.11807233,0.066622846,0.5555071,-0.4886502,0.17374435,0.3401478,0.2765187,-0.18057828,0.6969904,0.07556005,-0.26878467,0.062275723,0.09495672,-0.1349308,0.033159718,0.27719665,0.0018180837,-0.025670722,-0.16202833,0.17668515,-0.9166847,-0.35251027,0.18535726,0.2502421,0.4472379,0.047901303,-0.021562677,-0.068132624,0.12182692,0.0029353555,0.055525552,-0.03591886,-0.030966563,0.31449792,-0.15737781,-0.04839441,0.49922988,-0.023187269
485,0.033462,0.16086614,-0.09824682,-0.9599426,-0.011551155,-0.24886556,0.059991423,0.22905388,0.30481893,-0.35894316,0.167911,0.24626929,-0.0114707025,-0.21023363,-0.10351407,-0.06219428,-0.87907803,0.039608568,0.18884498,-0.76035386,-0.07738385,0.3631174,-0.38398287,-0.2158127,0.111270435,-0.07271309,-0.11194394,0.06799608,0.57974994,-0.5016881,0.18059665,0.34143263,0.28489265,-0.18471423,0.6870027,0.08062166,-0.25881568,0.0568653,0.10053635,-0.1366456,0.029344115,0.2749307,0.008044979,-0.026090104,-0.14752623,0.18585634,-0.91667104,-0.3450329,0.18701002,0.25130856,0.42594776,0.048164,-0.023863299,-0.06600526,0.116712615,0.0028135632,0.049965523,-0.026830541,-0.02760563,0.31203288,-0.16364336,-0.048220843,0.51249665,-0.0276186
486,0.032200214,0.16059065,-0.095620416,-0.9582561,-0.009558113,-0.24167421,0.057563793,0.2344288,0.302473,-0.3508629,0.16833512,0.24629615,-0.0069044237,-0.20008112,-0.094230264,-0.06278711,-0.8763448,0.040578526,0.187681,-0.75495476,-0.07369004,0.35940686,-0.3808092,-0.21667047,0.104130276,-0.0720383,-0.11161545,0.077091284,0.5669015,-0.498515,0.17944285,0.34329692,0.27752998,-0.17340009,0.697556,0.07531776,-0.2583152,0.058743514,0.09320751,-0.13001311,0.029330865,0.26825744,-0.00023532151,-0.029236173,-0.16092685,0.17969678,-0.9167522,-0.34845346,0.1853972,0.24480647,0.4278532,0.05008325,-0.020515248,-0.068041444,0.11846775,0.0018339783,0.052050125,-0.028715724,-0.03281065,0.31902802,-0.16169704,-0.04708386,0.5036034,-0.027031554
487,0.027691724,0.16560201,-0.10163095,-0.9600517,-0.013096953,-0.24788423,0.067343764,0.22700854,0.30272198,-0.36198202,0.1733284,0.25011462,-0.01578153,-0.2048514,-0.09936348,-0.059198268,-0.8783644,0.040557493,0.18772696,-0.7610225,-0.080166176,0.37614673,-0.3861304,-0.21869592,0.112392016,-0.072388165,-0.10816662,0.072093,0.5946094,-0.5093011,0.18535815,0.33179453,0.28237244,-0.18356434,0.6761498,0.081971824,-0.26155707,0.05698652,0.104354285,-0.13626541,0.031721767,0.27311295,0.0051114373,-0.025405876,-0.14603786,0.18301363,-0.9152375,-0.3509374,0.18279102,0.25693798,0.42862985,0.047737066,-0.024561996,-0.07122294,0.11741395,0.00083068426,0.043016218,-0.022535004,-0.026201712,0.32626942,-0.16596164,-0.048523057,0.51613766,-0.021304233
488,0.030551504,0.15879995,-0.10225204,-0.95695156,-0.012145751,-0.24497546,0.059487477,0.22950761,0.30141553,-0.356527,0.16621666,0.2493817,-0.013031694,-0.21223,-0.10579206,-0.06314282,-0.8768489,0.039967123,0.18808073,-0.7603581,-0.077937044,0.36317372,-0.3828099,-0.21467333,0.112755395,-0.07154313,-0.11387052,0.06598241,0.5807313,-0.50397223,0.17843176,0.33934262,0.28276464,-0.18242985,0.6883354,0.08241273,-0.25506827,0.056086272,0.09935802,-0.13642448,0.029256405,0.2739587,0.005909894,-0.026840933,-0.1441735,0.18497826,-0.9186542,-0.34328192,0.18905066,0.24862394,0.42585635,0.047939148,-0.02289362,-0.06512321,0.119703904,0.0028753649,0.050801046,-0.028047288,-0.027348302,0.31246513,-0.16404943,-0.048151564,0.51283026,-0.0265036
489,0.025913024,0.15644142,-0.09306366,-0.96186376,-0.010578815,-0.2166188,0.056332614,0.22374243,0.29775783,-0.35471472,0.17562276,0.23559377,-0.014768916,-0.19163856,-0.103166796,-0.061722014,-0.8806002,0.038141146,0.18864475,-0.7539244,-0.07467447,0.35915077,-0.36067688,-0.2212947,0.09738829,-0.07322173,-0.11337973,0.07547707,0.54774094,-0.4824078,0.17068967,0.34283257,0.2643767,-0.17131221,0.6983517,0.07481165,-0.26956466,0.06528709,0.09635026,-0.13301867,0.032821175,0.26544183,0.0022371304,-0.028048981,-0.16364679,0.16614087,-0.9199711,-0.349477,0.17792004,0.24925888,0.44718456,0.04749802,-0.023280561,-0.06805959,0.119355395,0.0014221085,0.05428937,-0.03614255,-0.029398821,0.3126477,-0.15576093,-0.047833595,0.4939666,-0.019149998
490,0.031341866,0.18154545,-0.095431715,-0.9561226,-0.005238499,-0.23558623,0.064652875,0.24719012,0.28789136,-0.39111793,0.18755886,0.2552068,-0.020162975,-0.21012637,-0.101269275,-0.06291396,-0.8624504,0.040587075,0.1857208,-0.76366687,-0.07165885,0.3693634,-0.39627326,-0.23393193,0.104738496,-0.07048848,-0.116193846,0.08213517,0.609319,-0.50432956,0.19876999,0.33020747,0.2975724,-0.18806854,0.6869344,0.07281222,-0.2623907,0.054295577,0.12066985,-0.12548873,0.038358793,0.29465616,0.00016890376,-0.044885397,-0.15397522,0.19260477,-0.9161292,-0.36375713,0.20751578,0.2622147,0.44533646,0.05539376,-0.026473735,-0.067057826,0.12402218,-0.006912541,0.04425109,-0.029001057,-0.03518092,0.3358807,-0.17346111,-0.04831218,0.49632993,-0.027992321
491,0.040348854,0.17497744,-0.09678723,-0.9525622,-0.006162757,-0.25711673,0.061720368,0.24758641,0.29156882,-0.38979024,0.17672005,0.25016576,-0.008511987,-0.21906808,-0.09588755,-0.0670658,-0.87823164,0.039896812,0.19684899,-0.7661103,-0.07001661,0.35671195,-0.40920237,-0.23323397,0.107035734,-0.07091612,-0.11536657,0.07630866,0.5942588,-0.5123139,0.19645068,0.33756247,0.31059432,-0.19342299,0.6897326,0.06655655,-0.26629072,0.058496434,0.11235309,-0.13255157,0.03421835,0.3001599,0.0038070714,-0.0425184,-0.16138417,0.20278724,-0.91525704,-0.36273402,0.20282415,0.2667473,0.42825285,0.056158353,-0.02482966,-0.0676329,0.122635,-0.0018220557,0.054677796,-0.029296083,-0.035241533,0.3256509,-0.16916619,-0.050255727,0.51356864,-0.037219252
492,0.03299052,0.16566272,-0.09182244,-0.9574971,-0.0068440516,-0.21853894,0.06047709,0.23642442,0.29077396,-0.37234256,0.18610315,0.24378996,-0.013968349,-0.1936329,-0.10680525,-0.06361939,-0.8704363,0.03678267,0.18772851,-0.74876684,-0.07341736,0.35825816,-0.38551605,-0.23642848,0.1025009,-0.07103906,-0.122618094,0.058923155,0.57092756,-0.5021097,0.18314856,0.3499753,0.29756483,-0.19593921,0.6948265,0.07155254,-0.26302478,0.05914465,0.10359626,-0.13690893,0.033952612,0.29773545,0.010765424,-0.03057877,-0.15575676,0.1902663,-0.9153978,-0.36452502,0.19585373,0.26270282,0.44380942,0.051193647,-0.024957757,-0.06768427,0.11973381,0.001640301,0.05441745,-0.041345153,-0.026994566,0.32082158,-0.16602443,-0.05021373,0.50138146,-0.02911375
493,0.038786408,0.16946995,-0.09888372,-0.9571742,-0.008879881,-0.23976092,0.059229,0.23168744,0.2991974,-0.36688977,0.17568266,0.24800186,-0.0125316465,-0.213505,-0.100399464,-0.06433056,-0.87325877,0.039935086,0.19038211,-0.75846446,-0.07195167,0.36062953,-0.38397118,-0.22183214,0.10681532,-0.073107675,-0.112786695,0.07076284,0.5711287,-0.5076843,0.18379726,0.34726626,0.29100174,-0.18937069,0.6921146,0.07135422,-0.26057437,0.059878107,0.1016401,-0.13617839,0.030041736,0.28746063,0.006947317,-0.033982318,-0.15645894,0.18756177,-0.91650313,-0.3569137,0.18826142,0.26009318,0.42744422,0.051987235,-0.024658976,-0.06903082,0.120308645,0.00088741485,0.05360409,-0.031198489,-0.028918032,0.32209772,-0.16706231,-0.049746726,0.50622505,-0.028362453
494,0.036128398,0.1623049,-0.09432847,-0.95562667,-0.0073428075,-0.24709912,0.061522998,0.23837514,0.29978666,-0.3615107,0.173844,0.24875371,-0.006948718,-0.20365718,-0.100312956,-0.063796155,-0.8722848,0.038415182,0.18700963,-0.7509513,-0.07123555,0.35852596,-0.4012519,-0.22911835,0.110781536,-0.07239491,-0.11907545,0.061508592,0.5760892,-0.5121174,0.1845341,0.35065648,0.29986167,-0.19599284,0.69769615,0.074412376,-0.25214309,0.05498277,0.096322566,-0.1351604,0.030506093,0.28921223,0.009412904,-0.027456025,-0.15105511,0.1970939,-0.91307056,-0.3516816,0.19358005,0.25667828,0.42218775,0.05087001,-0.022166345,-0.06533152,0.11753218,0.0037316573,0.050351866,-0.034724053,-0.025555547,0.31691295,-0.16606219,-0.050071742,0.5104201,-0.03354297
495,0.026747048,0.16465376,-0.09552889,-0.9579291,-0.010050815,-0.24421082,0.06455738,0.23683083,0.29578927,-0.37834862,0.17884138,0.24355285,-0.01373091,-0.20203628,-0.09991544,-0.0617524,-0.878259,0.03766363,0.1896268,-0.7569894,-0.07914859,0.36590478,-0.3912426,-0.23309945,0.10995846,-0.069004245,-0.11691144,0.06312663,0.5922913,-0.502109,0.18728015,0.3350694,0.29479697,-0.19369476,0.6790008,0.07818778,-0.2670641,0.05783661,0.10830409,-0.13925005,0.034150083,0.29014438,0.0070193717,-0.027254337,-0.145022,0.19448234,-0.9137568,-0.3511179,0.19475555,0.2612677,0.44312957,0.049158018,-0.024898402,-0.065852955,0.1191079,0.00045250845,0.043773804,-0.028370632,-0.029845787,0.31797346,-0.1672093,-0.05061589,0.51198786,-0.028917832
496,0.032841887,0.16672884,-0.098982885,-0.95681584,-0.008256713,-0.24017224,0.060819384,0.22730502,0.29846928,-0.3522202,0.17090753,0.25046903,-0.01648117,-0.20016728,-0.10470153,-0.063259594,-0.8730787,0.03999264,0.18305315,-0.7512618,-0.07176296,0.3659024,-0.3829106,-0.21663861,0.10580537,-0.07467819,-0.11244024,0.07280794,0.57352954,-0.50815845,0.17964756,0.34069917,0.2800021,-0.17480822,0.69234616,0.07134455,-0.2563909,0.0574615,0.101096615,-0.13132417,0.030667886,0.2752878,0.0009469031,-0.030320622,-0.15380079,0.17832117,-0.9180303,-0.3478251,0.18601125,0.25176463,0.42083865,0.04902068,-0.023516104,-0.069249704,0.1188314,0.00074426463,0.049433623,-0.033929054,-0.028235007,0.32398966,-0.16636136,-0.050426964,0.50129026,-0.025475744
497,0.03139363,0.16559939,-0.09515193,-0.95578533,-0.0075091203,-0.22250839,0.06071509,0.23769669,0.28739426,-0.3776777,0.18449719,0.24641882,-0.014326445,-0.1984029,-0.105046794,-0.063753024,-0.8705199,0.03736268,0.18733615,-0.7529286,-0.074067816,0.36373907,-0.38885584,-0.2357046,0.1051109,-0.070934996,-0.12119771,0.06250535,0.5784942,-0.5053722,0.18460654,0.34184858,0.29605523,-0.19640078,0.6946607,0.07333864,-0.26373038,0.05886423,0.105876744,-0.13497776,0.03624104,0.2980864,0.0060921754,-0.033457275,-0.15437639,0.19123332,-0.91537434,-0.36125854,0.19753122,0.2609139,0.4454422,0.05187551,-0.02522527,-0.06744344,0.12430811,0.00037679996,0.054058053,-0.037040703,-0.029066645,0.3230533,-0.1653829,-0.04946078,0.5034274,-0.025783729
498,0.03473322,0.16316228,-0.094140165,-0.9549026,-0.006324201,-0.24518313,0.061341528,0.23912114,0.29869467,-0.3610866,0.1754406,0.24844451,-0.007789009,-0.19828886,-0.10088974,-0.0645137,-0.87160385,0.038474753,0.18675737,-0.7502268,-0.06984991,0.35639784,-0.40065673,-0.22950396,0.10942228,-0.07205259,-0.1198788,0.06224072,0.5738163,-0.5109403,0.1842945,0.35141182,0.29929444,-0.19238953,0.698418,0.073399775,-0.25226152,0.055747263,0.09682222,-0.13424115,0.03026275,0.28794155,0.0087215,-0.028355192,-0.1520932,0.19540514,-0.91437125,-0.3515252,0.19436811,0.25713548,0.4226825,0.051117484,-0.022383334,-0.065607294,0.117625,0.0030132781,0.05045073,-0.03711608,-0.025809461,0.31791568,-0.16658343,-0.05047941,0.5080003,-0.03455433
499,0.030983467,0.1623421,-0.10910465,-0.95414525,-0.013676733,-0.24062797,0.061006438,0.2301151,0.29772612,-0.36453027,0.16691156,0.25030065,-0.015975203,-0.2154752,-0.10828851,-0.06441592,-0.877972,0.040443238,0.19287716,-0.7634781,-0.080313236,0.36122918,-0.38106906,-0.21615234,0.11096917,-0.071242265,-0.11159097,0.06693848,0.58380955,-0.50466454,0.18159711,0.3356802,0.28567496,-0.1803279,0.6794898,0.079310864,-0.2629905,0.05738493,0.10230918,-0.13745269,0.030145029,0.2777099,0.0031458193,-0.03112578,-0.1486937,0.18519635,-0.92087466,-0.3513572,0.19106163,0.25547254,0.4323256,0.048990797,-0.024261605,-0.06997622,0.122207865,0.002131851,0.05678015,-0.027575608,-0.029666549,0.31634364,-0.16634415,-0.047997303,0.5149234,-0.026885942
